1.45074 1.45074 1.45074 1.45074 1.45074 1.45074 1.45074 1.45074 1.45074 1.45074 1.45074 1.45074 1.40781 1.40781 1.40781 1.40781 
1.40781 1.40781 1.40781 1.40781 1.40781 1.40781 1.40781 1.40781 1.36489 1.36489 1.36489 1.36489 1.36489 1.36489 1.36489 1.36489 
1.36489 1.36489 1.36489 1.36489 1.32196 1.32196 1.32196 1.32196 1.32196 1.32196 1.32196 1.32196 1.32196 1.32196 1.32196 1.32196 
1.32196 1.32196 1.32196 1.32196 1.32196 1.32196 1.27903 1.27903 1.27903 1.27903 1.27903 1.27903 1.27903 1.27903 1.27903 1.27903 
1.27903 1.27903 1.27903 1.27903 1.27903 1.27903 1.27903 1.27903 1.23611 1.23611 1.23611 1.23611 1.23611 1.23611 1.23611 1.23611 
1.23611 1.23611 1.23611 1.23611 1.23611 1.23611 1.23611 1.23611 1.23611 1.23611 1.19318 1.19318 1.19318 1.19318 1.19318 1.19318 
1.19318 1.19318 1.19318 1.19318 1.19318 1.19318 1.19318 1.19318 1.19318 1.19318 1.19318 1.19318 1.19318 1.19318 1.19318 1.15026 
1.15026 1.15026 1.15026 1.15026 1.15026 1.15026 1.15026 1.15026 1.15026 1.15026 1.15026 1.15026 1.15026 1.15026 1.15026 1.15026 
1.15026 1.15026 1.15026 1.15026 1.10733 1.10733 1.10733 1.10733 1.10733 1.10733 1.10733 1.10733 1.10733 1.10733 1.10733 1.10733 
1.10733 1.10733 1.10733 1.10733 1.10733 1.10733 1.10733 1.10733 1.10733 1.0644 1.0644 1.0644 1.0644 1.0644 1.0644 1.0644 
1.0644 1.0644 1.0644 1.0644 1.0644 1.0644 1.0644 1.0644 1.0644 1.0644 1.0644 1.0644 1.0644 1.0644 1.02148 1.02148 
1.02148 1.02148 1.02148 1.02148 1.02148 1.02148 1.02148 1.02148 1.02148 1.02148 1.02148 1.02148 1.02148 1.02148 1.02148 1.02148 
1.02148 1.02148 1.02148 0.978551 0.978551 0.978551 0.978551 0.978551 0.978551 0.978551 0.978551 0.978551 0.978551 0.978551 0.978551 0.978551 
0.978551 0.978551 0.978551 0.978551 0.978551 0.978551 0.978551 0.978551 0.935625 0.935625 0.935625 0.935625 0.935625 0.935625 0.935625 0.935625 
0.935625 0.935625 0.935625 0.935625 0.935625 0.935625 0.935625 0.935625 0.935625 0.935625 0.935625 0.935625 0.935625 0.935625 0.935625 0.935625 
0.892699 0.892699 0.892699 0.892699 0.892699 0.892699 0.892699 0.892699 0.892699 0.892699 0.892699 0.892699 0.892699 0.892699 0.892699 0.892699 
0.892699 0.892699 0.892699 0.892699 0.892699 0.892699 0.892699 0.892699 0.849773 0.849773 0.849773 0.849773 0.849773 0.849773 0.849773 0.849773 
0.849773 0.849773 0.849773 0.849773 0.849773 0.849773 0.849773 0.849773 0.849773 0.849773 0.849773 0.849773 0.849773 0.849773 0.849773 0.849773 
0.806847 0.806847 0.806847 0.806847 0.806847 0.806847 0.806847 0.806847 0.806847 0.806847 0.806847 0.806847 0.806847 0.806847 0.806847 0.806847 
0.806847 0.806847 0.806847 0.806847 0.806847 0.806847 0.806847 0.806847 0.763921 0.763921 0.763921 0.763921 0.763921 0.763921 0.763921 0.763921 
0.763921 0.763921 0.763921 0.763921 0.763921 0.763921 0.763921 0.763921 0.763921 0.763921 0.763921 0.763921 0.763921 0.763921 0.763921 0.763921 
0.720995 0.720995 0.720995 0.720995 0.720995 0.720995 0.720995 0.720995 0.720995 0.720995 0.720995 0.720995 0.720995 0.720995 0.720995 0.720995 
0.720995 0.720995 0.720995 0.720995 0.720995 0.720995 0.720995 0.720995 0.678069 0.678069 0.678069 0.678069 0.678069 0.678069 0.678069 0.678069 
0.678069 0.678069 0.678069 0.678069 0.678069 0.678069 0.678069 0.678069 0.678069 0.678069 0.678069 0.678069 0.678069 0.678069 0.678069 0.678069 
0.678069 0.678069 0.678069 0.635143 0.635143 0.635143 0.635143 0.635143 0.635143 0.635143 0.635143 0.635143 0.635143 0.635143 0.635143 0.635143 
0.635143 0.635143 0.635143 0.635143 0.635143 0.635143 0.635143 0.635143 0.635143 0.635143 0.635143 0.635143 0.635143 0.635143 0.592217 0.592217 
0.592217 0.592217 0.592217 0.592217 0.592217 0.592217 0.592217 0.592217 0.592217 0.592217 0.592217 0.592217 0.592217 0.592217 0.592217 0.592217 
0.592217 0.592217 0.592217 0.592217 0.592217 0.592217 0.592217 0.592217 0.592217 0.549291 0.549291 0.549291 0.549291 0.549291 0.549291 0.549291 
0.549291 0.549291 0.549291 0.549291 0.549291 0.549291 0.549291 0.549291 0.549291 0.549291 0.549291 0.549291 0.549291 0.549291 0.549291 0.549291 
0.549291 0.549291 0.549291 0.549291 0.506365 0.506365 0.506365 0.506365 0.506365 0.506365 0.506365 0.506365 0.506365 0.506365 0.506365 0.506365 
0.506365 0.506365 0.506365 0.506365 0.506365 0.506365 0.506365 0.506365 0.506365 0.506365 0.506365 0.506365 0.506365 0.506365 0.506365 0.463439 
0.463439 0.463439 0.463439 0.463439 0.463439 0.463439 0.463439 0.463439 0.463439 0.463439 0.463439 0.463439 0.463439 0.463439 0.463439 0.463439 
0.463439 0.463439 0.463439 0.463439 0.463439 0.463439 0.463439 0.463439 0.463439 0.463439 0.420513 0.420513 0.420513 0.420513 0.420513 0.420513 
0.420513 0.420513 0.420513 0.420513 0.420513 0.420513 0.420513 0.420513 0.420513 0.420513 0.420513 0.420513 0.420513 0.420513 0.420513 0.420513 
0.420513 0.420513 0.420513 0.420513 0.420513 0.377587 0.377587 0.377587 0.377587 0.377587 0.377587 0.377587 0.377587 0.377587 0.377587 0.377587 
0.377587 0.377587 0.377587 0.377587 0.377587 0.377587 0.377587 0.377587 0.377587 0.377587 0.377587 0.377587 0.377587 0.377587 0.377587 0.377587 
0.334661 0.334661 0.334661 0.334661 0.334661 0.334661 0.334661 0.334661 0.334661 0.334661 0.334661 0.334661 0.334661 0.334661 0.334661 0.334661 
0.334661 0.334661 0.334661 0.334661 0.334661 0.334661 0.334661 0.334661 0.334661 0.334661 0.334661 0.291735 0.291735 0.291735 0.291735 0.291735 
0.291735 0.291735 0.291735 0.291735 0.291735 0.291735 0.291735 0.291735 0.291735 0.291735 0.291735 0.291735 0.291735 0.291735 0.291735 0.291735 
0.291735 0.291735 0.291735 0.291735 0.291735 0.291735 0.248809 0.248809 0.248809 0.248809 0.248809 0.248809 0.248809 0.248809 0.248809 0.248809 
0.248809 0.248809 0.248809 0.248809 0.248809 0.248809 0.248809 0.248809 0.248809 0.248809 0.248809 0.248809 0.248809 0.248809 0.248809 0.248809 
0.248809 0.205883 0.205883 0.205883 0.205883 0.205883 0.205883 0.205883 0.205883 0.205883 0.205883 0.205883 0.205883 0.205883 0.205883 0.205883 
0.205883 0.205883 0.205883 0.205883 0.205883 0.205883 0.205883 0.205883 0.205883 0.205883 0.205883 0.205883 0.162957 0.162957 0.162957 0.162957 
0.162957 0.162957 0.162957 0.162957 0.162957 0.162957 0.162957 0.162957 0.162957 0.162957 0.162957 0.162957 0.162957 0.162957 0.162957 0.162957 
0.162957 0.162957 0.162957 0.162957 0.162957 0.162957 0.162957 0.120031 0.120031 0.120031 0.120031 0.120031 0.120031 0.120031 0.120031 0.120031 
0.120031 0.120031 0.120031 0.120031 0.120031 0.120031 0.120031 0.120031 0.120031 0.120031 0.120031 0.120031 0.120031 0.120031 0.120031 0.120031 
0.120031 0.120031 0.077105 0.077105 0.077105 0.077105 0.077105 0.077105 0.077105 0.077105 0.077105 0.077105 0.077105 0.077105 0.077105 0.077105 
0.077105 0.077105 0.077105 0.077105 0.077105 0.077105 0.077105 0.077105 0.077105 0.077105 0.077105 0.077105 0.077105 0.034179 0.034179 0.034179 
0.034179 0.034179 0.034179 0.034179 0.034179 0.034179 0.034179 0.034179 0.034179 0.034179 0.034179 0.034179 0.034179 0.034179 0.034179 0.034179 
0.034179 0.034179 0.034179 0.034179 0.034179 0.034179 0.034179 0.034179 -0.008747 -0.008747 -0.008747 -0.008747 -0.008747 -0.008747 -0.008747 -0.008747 
-0.008747 -0.008747 -0.008747 -0.008747 -0.008747 -0.008747 -0.008747 -0.008747 -0.008747 -0.008747 -0.008747 -0.008747 -0.008747 -0.008747 -0.008747 -0.008747 
-0.008747 -0.008747 -0.008747 -0.051673 -0.051673 -0.051673 -0.051673 -0.051673 -0.051673 -0.051673 -0.051673 -0.051673 -0.051673 -0.051673 -0.051673 -0.051673 
-0.051673 -0.051673 -0.051673 -0.051673 -0.051673 -0.051673 -0.051673 -0.051673 -0.051673 -0.051673 -0.051673 -0.051673 -0.051673 -0.051673 -0.094599 -0.094599 
-0.094599 -0.094599 -0.094599 -0.094599 -0.094599 -0.094599 -0.094599 -0.094599 -0.094599 -0.094599 -0.094599 -0.094599 -0.094599 -0.094599 -0.094599 -0.094599 
-0.094599 -0.094599 -0.094599 -0.094599 -0.094599 -0.094599 -0.094599 -0.094599 -0.094599 -0.137525 -0.137525 -0.137525 -0.137525 -0.137525 -0.137525 -0.137525 
-0.137525 -0.137525 -0.137525 -0.137525 -0.137525 -0.137525 -0.137525 -0.137525 -0.137525 -0.137525 -0.137525 -0.137525 -0.137525 -0.137525 -0.137525 -0.137525 
-0.137525 -0.137525 -0.137525 -0.137525 -0.180451 -0.180451 -0.180451 -0.180451 -0.180451 -0.180451 -0.180451 -0.180451 -0.180451 -0.180451 -0.180451 -0.180451 
-0.180451 -0.180451 -0.180451 -0.180451 -0.180451 -0.180451 -0.180451 -0.180451 -0.180451 -0.180451 -0.180451 -0.180451 -0.180451 -0.180451 -0.180451 -0.223377 
-0.223377 -0.223377 -0.223377 -0.223377 -0.223377 -0.223377 -0.223377 -0.223377 -0.223377 -0.223377 -0.223377 -0.223377 -0.223377 -0.223377 -0.223377 -0.223377 
-0.223377 -0.223377 -0.223377 -0.223377 -0.223377 -0.223377 -0.223377 -0.223377 -0.223377 -0.223377 -0.266303 -0.266303 -0.266303 -0.266303 -0.266303 -0.266303 
-0.266303 -0.266303 -0.266303 -0.266303 -0.266303 -0.266303 -0.266303 -0.266303 -0.266303 -0.266303 -0.266303 -0.266303 -0.266303 -0.266303 -0.266303 -0.266303 
-0.266303 -0.266303 -0.266303 -0.266303 -0.266303 -0.309229 -0.309229 -0.309229 -0.309229 -0.309229 -0.309229 -0.309229 -0.309229 -0.309229 -0.309229 -0.309229 
-0.309229 -0.309229 -0.309229 -0.309229 -0.309229 -0.309229 -0.309229 -0.309229 -0.309229 -0.309229 -0.309229 -0.309229 -0.309229 -0.309229 -0.309229 -0.309229 
-0.352155 -0.352155 -0.352155 -0.352155 -0.352155 -0.352155 -0.352155 -0.352155 -0.352155 -0.352155 -0.352155 -0.352155 -0.352155 -0.352155 -0.352155 -0.352155 
-0.352155 -0.352155 -0.352155 -0.352155 -0.352155 -0.352155 -0.352155 -0.352155 -0.352155 -0.352155 -0.352155 -0.395081 -0.395081 -0.395081 -0.395081 -0.395081 
-0.395081 -0.395081 -0.395081 -0.395081 -0.395081 -0.395081 -0.395081 -0.395081 -0.395081 -0.395081 -0.395081 -0.395081 -0.395081 -0.395081 -0.395081 -0.395081 
-0.395081 -0.395081 -0.395081 -0.395081 -0.395081 -0.395081 -0.438007 -0.438007 -0.438007 -0.438007 -0.438007 -0.438007 -0.438007 -0.438007 -0.438007 -0.438007 
-0.438007 -0.438007 -0.438007 -0.438007 -0.438007 -0.438007 -0.438007 -0.438007 -0.438007 -0.438007 -0.438007 -0.438007 -0.438007 -0.438007 -0.438007 -0.438007 
-0.438007 -0.480933 -0.480933 -0.480933 -0.480933 -0.480933 -0.480933 -0.480933 -0.480933 -0.480933 -0.480933 -0.480933 -0.480933 -0.480933 -0.480933 -0.480933 
-0.480933 -0.480933 -0.480933 -0.480933 -0.480933 -0.480933 -0.480933 -0.480933 -0.480933 -0.480933 -0.480933 -0.480933 -0.523859 -0.523859 -0.523859 -0.523859 
-0.523859 -0.523859 -0.523859 -0.523859 -0.523859 -0.523859 -0.523859 -0.523859 -0.523859 -0.523859 -0.523859 -0.523859 -0.523859 -0.523859 -0.523859 -0.523859 
-0.523859 -0.523859 -0.523859 -0.523859 -0.523859 -0.523859 -0.523859 -0.566785 -0.566785 -0.566785 -0.566785 -0.566785 -0.566785 -0.566785 -0.566785 -0.566785 
-0.566785 -0.566785 -0.566785 -0.566785 -0.566785 -0.566785 -0.566785 -0.566785 -0.566785 -0.566785 -0.566785 -0.566785 -0.566785 -0.566785 -0.566785 -0.566785 
-0.566785 -0.566785 -0.609711 -0.609711 -0.609711 -0.609711 -0.609711 -0.609711 -0.609711 -0.609711 -0.609711 -0.609711 -0.609711 -0.609711 -0.609711 -0.609711 
-0.609711 -0.609711 -0.609711 -0.609711 -0.609711 -0.609711 -0.609711 -0.609711 -0.609711 -0.609711 -0.609711 -0.609711 -0.609711 -0.652637 -0.652637 -0.652637 
-0.652637 -0.652637 -0.652637 -0.652637 -0.652637 -0.652637 -0.652637 -0.652637 -0.652637 -0.652637 -0.652637 -0.652637 -0.652637 -0.652637 -0.652637 -0.652637 
-0.652637 -0.652637 -0.652637 -0.652637 -0.652637 -0.652637 -0.652637 -0.652637 -0.695563 -0.695563 -0.695563 -0.695563 -0.695563 -0.695563 -0.695563 -0.695563 
-0.695563 -0.695563 -0.695563 -0.695563 -0.695563 -0.695563 -0.695563 -0.695563 -0.695563 -0.695563 -0.695563 -0.695563 -0.695563 -0.695563 -0.695563 -0.695563 
-0.695563 -0.695563 -0.695563 -0.738489 -0.738489 -0.738489 -0.738489 -0.738489 -0.738489 -0.738489 -0.738489 -0.738489 -0.738489 -0.738489 -0.738489 -0.738489 
-0.738489 -0.738489 -0.738489 -0.738489 -0.738489 -0.738489 -0.738489 -0.738489 -0.738489 -0.738489 -0.738489 -0.738489 -0.738489 -0.738489 -0.781415 -0.781415 
-0.781415 -0.781415 -0.781415 -0.781415 -0.781415 -0.781415 -0.781415 -0.781415 -0.781415 -0.781415 -0.781415 -0.781415 -0.781415 -0.781415 -0.781415 -0.781415 
-0.781415 -0.781415 -0.781415 -0.781415 -0.781415 -0.781415 -0.781415 -0.781415 -0.781415 -0.824341 -0.824341 -0.824341 -0.824341 -0.824341 -0.824341 -0.824341 
-0.824341 -0.824341 -0.824341 -0.824341 -0.824341 -0.824341 -0.824341 -0.824341 -0.824341 -0.824341 -0.824341 -0.824341 -0.824341 -0.824341 -0.824341 -0.824341 
-0.824341 -0.824341 -0.824341 -0.824341 -0.867267 -0.867267 -0.867267 -0.867267 -0.867267 -0.867267 -0.867267 -0.867267 -0.867267 -0.867267 -0.867267 -0.867267 
-0.867267 -0.867267 -0.867267 -0.867267 -0.867267 -0.867267 -0.867267 -0.867267 -0.867267 -0.867267 -0.867267 -0.867267 -0.910193 -0.910193 -0.910193 -0.910193 
-0.910193 -0.910193 -0.910193 -0.910193 -0.910193 -0.910193 -0.910193 -0.910193 -0.910193 -0.910193 -0.910193 -0.910193 -0.910193 -0.910193 -0.910193 -0.910193 
-0.910193 -0.910193 -0.910193 -0.910193 -0.953119 -0.953119 -0.953119 -0.953119 -0.953119 -0.953119 -0.953119 -0.953119 -0.953119 -0.953119 -0.953119 -0.953119 
-0.953119 -0.953119 -0.953119 -0.953119 -0.953119 -0.953119 -0.953119 -0.953119 -0.953119 -0.953119 -0.953119 -0.953119 -0.996045 -0.996045 -0.996045 -0.996045 
-0.996045 -0.996045 -0.996045 -0.996045 -0.996045 -0.996045 -0.996045 -0.996045 -0.996045 -0.996045 -0.996045 -0.996045 -0.996045 -0.996045 -0.996045 -0.996045 
-0.996045 -0.996045 -0.996045 -0.996045 -1.03897 -1.03897 -1.03897 -1.03897 -1.03897 -1.03897 -1.03897 -1.03897 -1.03897 -1.03897 -1.03897 -1.03897 
-1.03897 -1.03897 -1.03897 -1.03897 -1.03897 -1.03897 -1.03897 -1.03897 -1.03897 -1.03897 -1.03897 -1.03897 -1.0819 -1.0819 -1.0819 -1.0819 
-1.0819 -1.0819 -1.0819 -1.0819 -1.0819 -1.0819 -1.0819 -1.0819 -1.0819 -1.0819 -1.0819 -1.0819 -1.0819 -1.0819 -1.0819 -1.0819 
-1.0819 -1.0819 -1.0819 -1.0819 -1.12482 -1.12482 -1.12482 -1.12482 -1.12482 -1.12482 -1.12482 -1.12482 -1.12482 -1.12482 -1.12482 -1.12482 
-1.12482 -1.12482 -1.12482 -1.12482 -1.12482 -1.12482 -1.12482 -1.12482 -1.12482 -1.16775 -1.16775 -1.16775 -1.16775 -1.16775 -1.16775 -1.16775 
-1.16775 -1.16775 -1.16775 -1.16775 -1.16775 -1.16775 -1.16775 -1.16775 -1.16775 -1.16775 -1.16775 -1.16775 -1.16775 -1.16775 -1.21067 -1.21067 
-1.21067 -1.21067 -1.21067 -1.21067 -1.21067 -1.21067 -1.21067 -1.21067 -1.21067 -1.21067 -1.21067 -1.21067 -1.21067 -1.21067 -1.21067 -1.21067 
-1.21067 -1.21067 -1.21067 -1.2536 -1.2536 -1.2536 -1.2536 -1.2536 -1.2536 -1.2536 -1.2536 -1.2536 -1.2536 -1.2536 -1.2536 -1.2536 
-1.2536 -1.2536 -1.2536 -1.2536 -1.2536 -1.2536 -1.2536 -1.2536 -1.29653 -1.29653 -1.29653 -1.29653 -1.29653 -1.29653 -1.29653 -1.29653 
-1.29653 -1.29653 -1.29653 -1.29653 -1.29653 -1.29653 -1.29653 -1.29653 -1.29653 -1.29653 -1.29653 -1.29653 -1.29653 -1.33945 -1.33945 -1.33945 
-1.33945 -1.33945 -1.33945 -1.33945 -1.33945 -1.33945 -1.33945 -1.33945 -1.33945 -1.33945 -1.33945 -1.33945 -1.33945 -1.33945 -1.33945 -1.33945 
-1.33945 -1.33945 -1.38238 -1.38238 -1.38238 -1.38238 -1.38238 -1.38238 -1.38238 -1.38238 -1.38238 -1.38238 -1.38238 -1.38238 -1.38238 -1.38238 
-1.38238 -1.38238 -1.38238 -1.38238 -1.4253 -1.4253 -1.4253 -1.4253 -1.4253 -1.4253 -1.4253 -1.4253 -1.4253 -1.4253 -1.4253 -1.4253 
-1.4253 -1.4253 -1.4253 -1.4253 -1.4253 -1.4253 -1.46823 -1.46823 -1.46823 -1.46823 -1.46823 -1.46823 -1.46823 -1.46823 -1.46823 -1.46823 
-1.46823 -1.46823 -1.46823 -1.46823 -1.46823 -1.46823 -1.46823 -1.46823