-0.564624 -0.521698 -0.478772 -0.434221 -0.391295 -0.348369 -0.303817 -0.260891 -0.217965 -0.173413 -0.130487 -0.0875614 -0.564624 -0.521698 -0.478772 -0.434221 
-0.391295 -0.348369 -0.303817 -0.260891 -0.217965 -0.173413 -0.130487 -0.0875614 -0.564624 -0.521698 -0.478772 -0.434221 -0.391295 -0.348369 -0.303817 -0.260891 
-0.217965 -0.173413 -0.130487 -0.0875614 -0.525024 -0.482098 -0.439172 -0.394621 -0.351695 -0.308769 -0.264217 -0.221291 -0.178365 -0.133813 -0.0908874 -0.0479614 
-0.0034098 0.0395162 0.0824422 0.126994 0.16992 0.212846 -0.525024 -0.482098 -0.439172 -0.394621 -0.351695 -0.308769 -0.264217 -0.221291 -0.178365 -0.133813 
-0.0908874 -0.0479614 -0.0034098 0.0395162 0.0824422 0.126994 0.16992 0.212846 -0.525024 -0.482098 -0.439172 -0.394621 -0.351695 -0.308769 -0.264217 -0.221291 
-0.178365 -0.133813 -0.0908874 -0.0479614 -0.0034098 0.0395162 0.0824422 0.126994 0.16992 0.212846 -0.564624 -0.521698 -0.478772 -0.434221 -0.391295 -0.348369 
-0.303817 -0.260891 -0.217965 -0.173413 -0.130487 -0.0875614 -0.0430098 -8.38e-05 0.0428422 0.0873938 0.13032 0.173246 0.217797 0.260723 0.303649 -0.564624 
-0.521698 -0.478772 -0.434221 -0.391295 -0.348369 -0.303817 -0.260891 -0.217965 -0.173413 -0.130487 -0.0875614 -0.0430098 -8.38e-05 0.0428422 0.0873938 0.13032 
0.173246 0.217797 0.260723 0.303649 -0.564624 -0.521698 -0.478772 -0.434221 -0.391295 -0.348369 -0.303817 -0.260891 -0.217965 -0.173413 -0.130487 -0.0875614 
-0.0430098 -8.38e-05 0.0428422 0.0873938 0.13032 0.173246 0.217797 0.260723 0.303649 -0.525024 -0.482098 -0.439172 -0.394621 -0.351695 -0.308769 -0.264217 
-0.221291 -0.178365 -0.133813 -0.0908874 -0.0479614 -0.0034098 0.0395162 0.0824422 0.126994 0.16992 0.212846 0.257397 0.300323 0.343249 -0.525024 -0.482098 
-0.439172 -0.394621 -0.351695 -0.308769 -0.264217 -0.221291 -0.178365 -0.133813 -0.0908874 -0.0479614 -0.0034098 0.0395162 0.0824422 0.126994 0.16992 0.212846 
0.257397 0.300323 0.343249 -0.525024 -0.482098 -0.439172 -0.394621 -0.351695 -0.308769 -0.264217 -0.221291 -0.178365 -0.133813 -0.0908874 -0.0479614 -0.0034098 
0.0395162 0.0824422 0.126994 0.16992 0.212846 0.257397 0.300323 0.343249 -0.564624 -0.521698 -0.478772 -0.434221 -0.391295 -0.348369 -0.303817 -0.260891 
-0.217965 -0.173413 -0.130487 -0.0875614 -0.0430098 -8.38e-05 0.0428422 0.0873938 0.13032 0.173246 0.217797 0.260723 0.303649 0.348201 0.391127 0.434053 
-0.564624 -0.521698 -0.478772 -0.434221 -0.391295 -0.348369 -0.303817 -0.260891 -0.217965 -0.173413 -0.130487 -0.0875614 -0.0430098 -8.38e-05 0.0428422 0.0873938 
0.13032 0.173246 0.217797 0.260723 0.303649 0.348201 0.391127 0.434053 -0.564624 -0.521698 -0.478772 -0.434221 -0.391295 -0.348369 -0.303817 -0.260891 
-0.217965 -0.173413 -0.130487 -0.0875614 -0.0430098 -8.38e-05 0.0428422 0.0873938 0.13032 0.173246 0.217797 0.260723 0.303649 0.348201 0.391127 0.434053 
-0.485824 -0.442898 -0.399972 -0.355421 -0.312495 -0.269569 -0.225017 -0.182091 -0.139165 -0.0946134 -0.0516874 -0.0087614 0.0357902 0.0787162 0.121642 0.166194 
0.20912 0.252046 0.296597 0.339523 0.382449 0.427001 0.469927 0.512853 -0.485824 -0.442898 -0.399972 -0.355421 -0.312495 -0.269569 -0.225017 -0.182091 
-0.139165 -0.0946134 -0.0516874 -0.0087614 0.0357902 0.0787162 0.121642 0.166194 0.20912 0.252046 0.296597 0.339523 0.382449 0.427001 0.469927 0.512853 
-0.485824 -0.442898 -0.399972 -0.355421 -0.312495 -0.269569 -0.225017 -0.182091 -0.139165 -0.0946134 -0.0516874 -0.0087614 0.0357902 0.0787162 0.121642 0.166194 
0.20912 0.252046 0.296597 0.339523 0.382449 0.427001 0.469927 0.512853 -0.485824 -0.442898 -0.399972 -0.355421 -0.312495 -0.269569 -0.225017 -0.182091 
-0.139165 -0.0946134 -0.0516874 -0.0087614 0.0357902 0.0787162 0.121642 0.166194 0.20912 0.252046 0.296597 0.339523 0.382449 0.427001 0.469927 0.512853 
0.557405 0.600331 0.643257 -0.485824 -0.442898 -0.399972 -0.355421 -0.312495 -0.269569 -0.225017 -0.182091 -0.139165 -0.0946134 -0.0516874 -0.0087614 0.0357902 
0.0787162 0.121642 0.166194 0.20912 0.252046 0.296597 0.339523 0.382449 0.427001 0.469927 0.512853 0.557405 0.600331 0.643257 -0.485824 -0.442898 
-0.399972 -0.355421 -0.312495 -0.269569 -0.225017 -0.182091 -0.139165 -0.0946134 -0.0516874 -0.0087614 0.0357902 0.0787162 0.121642 0.166194 0.20912 0.252046 
0.296597 0.339523 0.382449 0.427001 0.469927 0.512853 0.557405 0.600331 0.643257 -0.485824 -0.442898 -0.399972 -0.355421 -0.312495 -0.269569 -0.225017 
-0.182091 -0.139165 -0.0946134 -0.0516874 -0.0087614 0.0357902 0.0787162 0.121642 0.166194 0.20912 0.252046 0.296597 0.339523 0.382449 0.427001 0.469927 
0.512853 0.557405 0.600331 0.643257 -0.485824 -0.442898 -0.399972 -0.355421 -0.312495 -0.269569 -0.225017 -0.182091 -0.139165 -0.0946134 -0.0516874 -0.0087614 
0.0357902 0.0787162 0.121642 0.166194 0.20912 0.252046 0.296597 0.339523 0.382449 0.427001 0.469927 0.512853 0.557405 0.600331 0.643257 -0.485824 
-0.442898 -0.399972 -0.355421 -0.312495 -0.269569 -0.225017 -0.182091 -0.139165 -0.0946134 -0.0516874 -0.0087614 0.0357902 0.0787162 0.121642 0.166194 0.20912 
0.252046 0.296597 0.339523 0.382449 0.427001 0.469927 0.512853 0.557405 0.600331 0.643257 -0.485824 -0.442898 -0.399972 -0.355421 -0.312495 -0.269569 
-0.225017 -0.182091 -0.139165 -0.0946134 -0.0516874 -0.0087614 0.0357902 0.0787162 0.121642 0.166194 0.20912 0.252046 0.296597 0.339523 0.382449 0.427001 
0.469927 0.512853 0.557405 0.600331 0.643257 -0.485824 -0.442898 -0.399972 -0.355421 -0.312495 -0.269569 -0.225017 -0.182091 -0.139165 -0.0946134 -0.0516874 
-0.0087614 0.0357902 0.0787162 0.121642 0.166194 0.20912 0.252046 0.296597 0.339523 0.382449 0.427001 0.469927 0.512853 0.557405 0.600331 0.643257 
-0.485824 -0.442898 -0.399972 -0.355421 -0.312495 -0.269569 -0.225017 -0.182091 -0.139165 -0.0946134 -0.0516874 -0.0087614 0.0357902 0.0787162 0.121642 0.166194 
0.20912 0.252046 0.296597 0.339523 0.382449 0.427001 0.469927 0.512853 0.557405 0.600331 0.643257 -0.485824 -0.442898 -0.399972 -0.355421 -0.312495 
-0.269569 -0.225017 -0.182091 -0.139165 -0.0946134 -0.0516874 -0.0087614 0.0357902 0.0787162 0.121642 0.166194 0.20912 0.252046 0.296597 0.339523 0.382449 
0.427001 0.469927 0.512853 0.557405 0.600331 0.643257 -0.485824 -0.442898 -0.399972 -0.355421 -0.312495 -0.269569 -0.225017 -0.182091 -0.139165 -0.0946134 
-0.0516874 -0.0087614 0.0357902 0.0787162 0.121642 0.166194 0.20912 0.252046 0.296597 0.339523 0.382449 0.427001 0.469927 0.512853 0.557405 0.600331 
0.643257 -0.485824 -0.442898 -0.399972 -0.355421 -0.312495 -0.269569 -0.225017 -0.182091 -0.139165 -0.0946134 -0.0516874 -0.0087614 0.0357902 0.0787162 0.121642 
0.166194 0.20912 0.252046 0.296597 0.339523 0.382449 0.427001 0.469927 0.512853 0.557405 0.600331 0.643257 -0.485824 -0.442898 -0.399972 -0.355421 
-0.312495 -0.269569 -0.225017 -0.182091 -0.139165 -0.0946134 -0.0516874 -0.0087614 0.0357902 0.0787162 0.121642 0.166194 0.20912 0.252046 0.296597 0.339523 
0.382449 0.427001 0.469927 0.512853 0.557405 0.600331 0.643257 -0.485824 -0.442898 -0.399972 -0.355421 -0.312495 -0.269569 -0.225017 -0.182091 -0.139165 
-0.0946134 -0.0516874 -0.0087614 0.0357902 0.0787162 0.121642 0.166194 0.20912 0.252046 0.296597 0.339523 0.382449 0.427001 0.469927 0.512853 0.557405 
0.600331 0.643257 -0.485824 -0.442898 -0.399972 -0.355421 -0.312495 -0.269569 -0.225017 -0.182091 -0.139165 -0.0946134 -0.0516874 -0.0087614 0.0357902 0.0787162 
0.121642 0.166194 0.20912 0.252046 0.296597 0.339523 0.382449 0.427001 0.469927 0.512853 0.557405 0.600331 0.643257 -0.485824 -0.442898 -0.399972 
-0.355421 -0.312495 -0.269569 -0.225017 -0.182091 -0.139165 -0.0946134 -0.0516874 -0.0087614 0.0357902 0.0787162 0.121642 0.166194 0.20912 0.252046 0.296597 
0.339523 0.382449 0.427001 0.469927 0.512853 0.557405 0.600331 0.643257 -0.485824 -0.442898 -0.399972 -0.355421 -0.312495 -0.269569 -0.225017 -0.182091 
-0.139165 -0.0946134 -0.0516874 -0.0087614 0.0357902 0.0787162 0.121642 0.166194 0.20912 0.252046 0.296597 0.339523 0.382449 0.427001 0.469927 0.512853 
0.557405 0.600331 0.643257 -0.485824 -0.442898 -0.399972 -0.355421 -0.312495 -0.269569 -0.225017 -0.182091 -0.139165 -0.0946134 -0.0516874 -0.0087614 0.0357902 
0.0787162 0.121642 0.166194 0.20912 0.252046 0.296597 0.339523 0.382449 0.427001 0.469927 0.512853 0.557405 0.600331 0.643257 -0.485824 -0.442898 
-0.399972 -0.355421 -0.312495 -0.269569 -0.225017 -0.182091 -0.139165 -0.0946134 -0.0516874 -0.0087614 0.0357902 0.0787162 0.121642 0.166194 0.20912 0.252046 
0.296597 0.339523 0.382449 0.427001 0.469927 0.512853 0.557405 0.600331 0.643257 -0.485824 -0.442898 -0.399972 -0.355421 -0.312495 -0.269569 -0.225017 
-0.182091 -0.139165 -0.0946134 -0.0516874 -0.0087614 0.0357902 0.0787162 0.121642 0.166194 0.20912 0.252046 0.296597 0.339523 0.382449 0.427001 0.469927 
0.512853 0.557405 0.600331 0.643257 -0.485824 -0.442898 -0.399972 -0.355421 -0.312495 -0.269569 -0.225017 -0.182091 -0.139165 -0.0946134 -0.0516874 -0.0087614 
0.0357902 0.0787162 0.121642 0.166194 0.20912 0.252046 0.296597 0.339523 0.382449 0.427001 0.469927 0.512853 0.557405 0.600331 0.643257 -0.485824 
-0.442898 -0.399972 -0.355421 -0.312495 -0.269569 -0.225017 -0.182091 -0.139165 -0.0946134 -0.0516874 -0.0087614 0.0357902 0.0787162 0.121642 0.166194 0.20912 
0.252046 0.296597 0.339523 0.382449 0.427001 0.469927 0.512853 0.557405 0.600331 0.643257 -0.485824 -0.442898 -0.399972 -0.355421 -0.312495 -0.269569 
-0.225017 -0.182091 -0.139165 -0.0946134 -0.0516874 -0.0087614 0.0357902 0.0787162 0.121642 0.166194 0.20912 0.252046 0.296597 0.339523 0.382449 0.427001 
0.469927 0.512853 0.557405 0.600331 0.643257 -0.485824 -0.442898 -0.399972 -0.355421 -0.312495 -0.269569 -0.225017 -0.182091 -0.139165 -0.0946134 -0.0516874 
-0.0087614 0.0357902 0.0787162 0.121642 0.166194 0.20912 0.252046 0.296597 0.339523 0.382449 0.427001 0.469927 0.512853 0.557405 0.600331 0.643257 
-0.485824 -0.442898 -0.399972 -0.355421 -0.312495 -0.269569 -0.225017 -0.182091 -0.139165 -0.0946134 -0.0516874 -0.0087614 0.0357902 0.0787162 0.121642 0.166194 
0.20912 0.252046 0.296597 0.339523 0.382449 0.427001 0.469927 0.512853 0.557405 0.600331 0.643257 -0.485824 -0.442898 -0.399972 -0.355421 -0.312495 
-0.269569 -0.225017 -0.182091 -0.139165 -0.0946134 -0.0516874 -0.0087614 0.0357902 0.0787162 0.121642 0.166194 0.20912 0.252046 0.296597 0.339523 0.382449 
0.427001 0.469927 0.512853 0.557405 0.600331 0.643257 -0.485824 -0.442898 -0.399972 -0.355421 -0.312495 -0.269569 -0.225017 -0.182091 -0.139165 -0.0946134 
-0.0516874 -0.0087614 0.0357902 0.0787162 0.121642 0.166194 0.20912 0.252046 0.296597 0.339523 0.382449 0.427001 0.469927 0.512853 0.557405 0.600331 
0.643257 -0.485824 -0.442898 -0.399972 -0.355421 -0.312495 -0.269569 -0.225017 -0.182091 -0.139165 -0.0946134 -0.0516874 -0.0087614 0.0357902 0.0787162 0.121642 
0.166194 0.20912 0.252046 0.296597 0.339523 0.382449 0.427001 0.469927 0.512853 0.557405 0.600331 0.643257 -0.485824 -0.442898 -0.399972 -0.355421 
-0.312495 -0.269569 -0.225017 -0.182091 -0.139165 -0.0946134 -0.0516874 -0.0087614 0.0357902 0.0787162 0.121642 0.166194 0.20912 0.252046 0.296597 0.339523 
0.382449 0.427001 0.469927 0.512853 0.557405 0.600331 0.643257 -0.485824 -0.442898 -0.399972 -0.355421 -0.312495 -0.269569 -0.225017 -0.182091 -0.139165 
-0.0946134 -0.0516874 -0.0087614 0.0357902 0.0787162 0.121642 0.166194 0.20912 0.252046 0.296597 0.339523 0.382449 0.427001 0.469927 0.512853 0.557405 
0.600331 0.643257 -0.485824 -0.442898 -0.399972 -0.355421 -0.312495 -0.269569 -0.225017 -0.182091 -0.139165 -0.0946134 -0.0516874 -0.0087614 0.0357902 0.0787162 
0.121642 0.166194 0.20912 0.252046 0.296597 0.339523 0.382449 0.427001 0.469927 0.512853 0.557405 0.600331 0.643257 -0.485824 -0.442898 -0.399972 
-0.355421 -0.312495 -0.269569 -0.225017 -0.182091 -0.139165 -0.0946134 -0.0516874 -0.0087614 0.0357902 0.0787162 0.121642 0.166194 0.20912 0.252046 0.296597 
0.339523 0.382449 0.427001 0.469927 0.512853 0.557405 0.600331 0.643257 -0.485824 -0.442898 -0.399972 -0.355421 -0.312495 -0.269569 -0.225017 -0.182091 
-0.139165 -0.0946134 -0.0516874 -0.0087614 0.0357902 0.0787162 0.121642 0.166194 0.20912 0.252046 0.296597 0.339523 0.382449 0.427001 0.469927 0.512853 
0.557405 0.600331 0.643257 -0.485824 -0.442898 -0.399972 -0.355421 -0.312495 -0.269569 -0.225017 -0.182091 -0.139165 -0.0946134 -0.0516874 -0.0087614 0.0357902 
0.0787162 0.121642 0.166194 0.20912 0.252046 0.296597 0.339523 0.382449 0.427001 0.469927 0.512853 0.557405 0.600331 0.643257 -0.485824 -0.442898 
-0.399972 -0.355421 -0.312495 -0.269569 -0.225017 -0.182091 -0.139165 -0.0946134 -0.0516874 -0.0087614 0.0357902 0.0787162 0.121642 0.166194 0.20912 0.252046 
0.296597 0.339523 0.382449 0.427001 0.469927 0.512853 0.557405 0.600331 0.643257 -0.485824 -0.442898 -0.399972 -0.355421 -0.312495 -0.269569 -0.225017 
-0.182091 -0.139165 -0.0946134 -0.0516874 -0.0087614 0.0357902 0.0787162 0.121642 0.166194 0.20912 0.252046 0.296597 0.339523 0.382449 0.427001 0.469927 
0.512853 0.557405 0.600331 0.643257 -0.485824 -0.442898 -0.399972 -0.355421 -0.312495 -0.269569 -0.225017 -0.182091 -0.139165 -0.0946134 -0.0516874 -0.0087614 
0.0357902 0.0787162 0.121642 0.166194 0.20912 0.252046 0.296597 0.339523 0.382449 0.427001 0.469927 0.512853 -0.485824 -0.442898 -0.399972 -0.355421 
-0.312495 -0.269569 -0.225017 -0.182091 -0.139165 -0.0946134 -0.0516874 -0.0087614 0.0357902 0.0787162 0.121642 0.166194 0.20912 0.252046 0.296597 0.339523 
0.382449 0.427001 0.469927 0.512853 -0.485824 -0.442898 -0.399972 -0.355421 -0.312495 -0.269569 -0.225017 -0.182091 -0.139165 -0.0946134 -0.0516874 -0.0087614 
0.0357902 0.0787162 0.121642 0.166194 0.20912 0.252046 0.296597 0.339523 0.382449 0.427001 0.469927 0.512853 -0.563724 -0.520798 -0.477872 -0.433321 
-0.390395 -0.347469 -0.302917 -0.259991 -0.217065 -0.172513 -0.129587 -0.0866614 -0.0421098 0.0008162 0.0437422 0.0882938 0.13122 0.174146 0.218697 0.261623 
0.304549 0.349101 0.392027 0.434953 -0.563724 -0.520798 -0.477872 -0.433321 -0.390395 -0.347469 -0.302917 -0.259991 -0.217065 -0.172513 -0.129587 -0.0866614 
-0.0421098 0.0008162 0.0437422 0.0882938 0.13122 0.174146 0.218697 0.261623 0.304549 0.349101 0.392027 0.434953 -0.563724 -0.520798 -0.477872 -0.433321 
-0.390395 -0.347469 -0.302917 -0.259991 -0.217065 -0.172513 -0.129587 -0.0866614 -0.0421098 0.0008162 0.0437422 0.0882938 0.13122 0.174146 0.218697 0.261623 
0.304549 0.349101 0.392027 0.434953 -0.527424 -0.484498 -0.441572 -0.397021 -0.354095 -0.311169 -0.266617 -0.223691 -0.180765 -0.136213 -0.0932874 -0.0503614 
-0.0058098 0.0371162 0.0800422 0.124594 0.16752 0.210446 0.254997 0.297923 0.340849 -0.527424 -0.484498 -0.441572 -0.397021 -0.354095 -0.311169 -0.266617 
-0.223691 -0.180765 -0.136213 -0.0932874 -0.0503614 -0.0058098 0.0371162 0.0800422 0.124594 0.16752 0.210446 0.254997 0.297923 0.340849 -0.527424 -0.484498 
-0.441572 -0.397021 -0.354095 -0.311169 -0.266617 -0.223691 -0.180765 -0.136213 -0.0932874 -0.0503614 -0.0058098 0.0371162 0.0800422 0.124594 0.16752 0.210446 
0.254997 0.297923 0.340849 -0.565324 -0.522398 -0.479472 -0.434921 -0.391995 -0.349069 -0.304517 -0.261591 -0.218665 -0.174113 -0.131187 -0.0882614 -0.0437098 
-0.0007838 0.0421422 0.0866938 0.12962 0.172546 0.217097 0.260023 0.302949 -0.565324 -0.522398 -0.479472 -0.434921 -0.391995 -0.349069 -0.304517 -0.261591 
-0.218665 -0.174113 -0.131187 -0.0882614 -0.0437098 -0.0007838 0.0421422 0.0866938 0.12962 0.172546 0.217097 0.260023 0.302949 -0.565324 -0.522398 -0.479472 
-0.434921 -0.391995 -0.349069 -0.304517 -0.261591 -0.218665 -0.174113 -0.131187 -0.0882614 -0.0437098 -0.0007838 0.0421422 0.0866938 0.12962 0.172546 0.217097 
0.260023 0.302949 -0.529024 -0.486098 -0.443172 -0.398621 -0.355695 -0.312769 -0.268217 -0.225291 -0.182365 -0.137813 -0.0948874 -0.0519614 -0.0074098 0.0355162 
0.0784422 0.122994 0.16592 0.208846 -0.529024 -0.486098 -0.443172 -0.398621 -0.355695 -0.312769 -0.268217 -0.225291 -0.182365 -0.137813 -0.0948874 -0.0519614 
-0.0074098 0.0355162 0.0784422 0.122994 0.16592 0.208846 -0.529024 -0.486098 -0.443172 -0.398621 -0.355695 -0.312769 -0.268217 -0.225291 -0.182365 -0.137813 
-0.0948874 -0.0519614 -0.0074098 0.0355162 0.0784422 0.122994 0.16592 0.208846