0
1
2
3
4
5
6
7
8
9
10
11
12
23
24
35
36
53
54
71
72
89
90
110
111
131
132
152
153
173
174
194
195
215
216
239
240
263
264
287
288
311
312
335
336
359
360
386
387
413
414
440
441
467
468
494
495
521
522
548
549
575
576
602
603
629
630
656
657
683
684
710
711
737
738
764
765
791
792
818
819
845
846
872
873
899
900
926
927
953
954
980
981
1007
1008
1034
1035
1061
1062
1088
1089
1115
1116
1142
1143
1169
1170
1196
1197
1223
1224
1250
1251
1277
1278
1304
1305
1331
1332
1355
1356
1379
1380
1403
1404
1427
1428
1451
1452
1475
1476
1496
1497
1517
1518
1538
1539
1559
1560
1580
1581
1601
1602
1619
1620
1637
1638
1639
1640
1641
1642
1643
1644
1645
1646
1647
1648
1649
1650
1651
1652
1653
1654
1655
