0.01 0.01 0.01 0.01 0.01 0.01 0.01 0.01 0.01 0.01 0.01 0.01 
0.01 0.01 0.01 0.01 0.01 0.01 0.01 0.01 0.01 0.01 0.01 0.01 
0.01 0.01 0.01 0.01 0.01 0.01 0.01 0.01 0.01 0.01 0.01 0.01 
0.01 0.01 0.01 0.01 0.01 0.01 0.01 0.01 0.01 0.01 0.01 0.01 0.0170747 0.0117532 0.0163861 0.0103928 0.0128431 0.0114945 
0.01 0.01 0.01 0.01 0.01 0.01 0.01 0.0186526 0.00988625 0.01 0.01 0.01 0.0116352 0.0138611 0.0232579 0.0315536 0.00801776 0.0126019 
0.01 0.01 0.01 0.01 0.01 0.01 0.0147491 0.0132307 0.0138395 0.0173505 0.0168213 0.018767 0.01 0.00603808 0.0156533 0.00715451 0.00644174 0.00426057 
0.01 0.01 0.01 0.01 0.01 0.01 0.0183956 0.0184031 0.0101847 0.0138525 0.0154924 0.0102833 0.0103128 0.0122124 0.012189 0.0176446 0.0119723 0.0112251 0.00803414 0.0119968 0.01 
0.01 0.011386 0.0110014 0.0102311 0.025715 0.0152241 0.00823658 0.0158967 0.0108037 0.01 0.011394 0.00995961 0.0117098 0.0104406 0.00560941 0.00864375 0.00552684 0.0263621 0.00478832 0.0167498 0.0112175 
0.01 0.0179531 0.0143829 0.0154142 0.0160918 0.00894916 0.0106792 0.0170897 0.0103095 0.0114336 0.00953596 0.0100405 0.0178961 0.00764709 0.00877691 0.00911248 0.00791052 0.0112103 0.0110853 0.0109833 0.0173797 
0.0138509 0.0102644 0.00903189 0.00782111 0.0334131 0.0139399 0.012065 0.0110349 0.0117839 0.0124128 0.0126728 0.00805051 0.00739002 0.0101236 0.0166488 0.00720405 0.00790684 0.00986765 0.00842067 0.00858537 0.0099804 
0.01 0.0191552 0.0103607 0.0208718 0.0158087 0.0121721 0.0125765 0.0117054 0.0102405 0.0101383 0.00969153 0.0134691 0.0139488 0.00745803 0.00593701 0.00735161 0.00701848 0.0107033 0.00712561 0.0076725 0.00912033 
0.0174523 0.0120575 0.00615196 0.0101402 0.00721655 0.00825432 0.00822105 0.0056713 0.0113238 0.0104499 0.00631007 0.00636602 0.0169545 0.00821374 0.00734402 0.00787539 0.0142998 0.00701317 0.00694294 0.00664798 0.0108814 
0.01 0.00458022 0.00627311 0.00705077 0.00580601 0.0084663 0.00875878 0.0070744 0.00603414 0.00589287 0.00731899 0.011763 0.00541577 0.00706686 0.00975199 0.00892936 0.00984615 0.01 0.01003 0.00925942 0.00645602 0.0092821 0.0096888 0.00677717 
0.0128313 0.0166843 0.00873457 0.00799127 0.00783432 0.00742974 0.0057083 0.006091 0.00569514 0.0250009 0.00604061 0.00643559 0.00742568 0.00767269 0.00986128 0.00666492 0.00814366 0.00771885 0.00688389 0.0101272 0.0143802 0.0085578 0.00617911 0.00795462 
0.00502949 0.00822137 0.00683122 0.00913434 0.00998147 0.0201548 0.0102104 0.00741288 0.00624832 0.00901015 0.00832236 0.00720791 0.00786837 0.00869879 0.01 0.0069149 0.00651853 0.0089815 0.01 0.01 0.00533621 0.01 0.0202589 0.00687332 
0.00696175 0.0108137 0.0081718 0.0107003 0.00934125 0.0123358 0.00905664 0.0132388 0.00646927 0.00681304 0.00815973 0.0060121 0.0100828 0.00950694 0.00935017 0.00720716 0.01 0.00945186 0.00764535 0.0224554 0.01 0.0323062 0.0130277 0.0150354 
0.00110959 0.0228262 0.00781119 0.01 0.00844272 0.00710483 0.00883891 0.00718309 0.00538487 0.00462907 0.0148935 0.0125714 0.0113602 0.00604584 0.00569955 0.0102775 0.00737506 0.00700852 0.00842982 0.012561 0.00674981 0.00553853 0.0103128 0.0130254 
0.0242726 0.00865025 0.00314556 0.01 0.00871387 0.00725939 0.0143355 0.0100916 0.0131013 0.00447958 0.00715799 0.00870056 0.0169518 0.017442 0.0066761 0.0126102 0.00599732 0.00739323 0.00660617 0.00533915 0.00902372 0.0153705 0.00950582 0.00789845 
0.01 0.01 0.0497276 0.01 0.00650017 0.0143716 0.0140881 0.01 0.0196666 0.00794553 0.00579162 0.00782909 0.00655528 0.0108541 0.00887704 0.011093 0.0071031 0.00894984 0.00993139 0.00894838 0.00976798 0.00811591 0.00613257 0.0102952 0.00905348 0.0135607 0.01 
0.00406094 0.0171244 0.0163882 0.0121706 0.00832389 0.011551 0.0103765 0.00990555 0.00662291 0.00823592 0.00944151 0.00892817 0.0081585 0.00964551 0.00764426 0.00750254 0.0199043 0.00776626 0.01 0.0113172 0.0250622 0.00550678 0.00681659 0.00587212 0.0079139 0.0101343 0.01 
0.010542 0.0128269 0.0101654 0.0140562 0.0189596 0.01 0.00989511 0.00881042 0.0387135 0.00944868 0.0403549 0.00983548 0.00915506 0.00602811 0.00901541 0.00892447 0.010204 0.0136912 0.01 0.00745404 0.00708965 0.00761454 0.00705127 0.00750503 0.00882356 0.00801981 0.01 
0.00277439 0.0102007 0.0161203 0.0084671 0.0043693 0.0120056 0.0082807 0.00583213 0.00693286 0.00640485 0.0137026 0.0172346 0.00675675 0.0162093 0.00920146 0.00765494 0.00968433 0.00519201 0.00909575 0.0039239 0.0147044 0.00727807 0.00391917 0.00816723 0.00572581 0.00508216 0.01 
0.0100042 0.0153708 0.0112865 0.00597941 0.00660245 0.0122312 0.01 0.035181 0.00497766 0.00719008 0.030306 0.0185129 0.0135756 0.00676787 0.00795639 0.0063883 0.00748873 0.00756048 0.0056501 0.01 0.0148344 0.00650698 0.0148486 0.00682084 0.0185405 0.00735038 0.0131094 
0.01 0.012043 0.0417249 0.0156829 0.00829231 0.00738987 0.00608775 0.00551721 0.0115841 0.0093566 0.00471304 0.00752773 0.0108514 0.00790956 0.010551 0.00979281 0.00597422 0.00751864 0.0105471 0.0128811 0.0155592 0.00759377 0.00627953 0.0112824 0.00732224 0.0153362 0.01 
0.01 0.01 0.0126257 0.0096705 0.00480685 0.00856799 0.00683872 0.00488136 0.00884702 0.00592945 0.00731513 0.00685002 0.00678668 0.01 0.00571091 0.0118604 0.012988 0.00817127 0.00569653 0.0127658 0.00976015 0.00596034 0.0088895 0.00658008 0.00620473 0.0135066 0.00915272 
0.0114403 0.00802606 0.00884901 0.0059088 0.0186511 0.0124333 0.00988183 0.00915053 0.0063819 0.00594342 0.00678445 0.00803587 0.00906223 0.0057622 0.00934087 0.0130073 0.00977649 0.00770404 0.0176205 0.00969231 0.0120648 0.00699066 0.00900744 0.00789061 0.0145336 0.0159409 0.013854 
0.00180217 0.0106965 0.0130155 0.0126922 0.0095685 0.0096401 0.01 0.00815348 0.00532717 0.0077086 0.00653738 0.0051688 0.00622122 0.00809666 0.0106452 0.0219395 0.00888115 0.0104173 0.0091851 0.00933835 0.0143585 0.011899 0.015618 0.00574302 0.0133344 0.00955515 0.0188129 
0.00993143 0.00465824 0.00559125 0.00697066 0.00746559 0.00577947 0.010176 0.00785069 0.00664186 0.00621295 0.00793263 0.00764274 0.0102254 0.00674569 0.00602727 0.0199487 0.0057883 0.00713739 0.00797724 0.0093466 0.0194469 0.00590083 0.00835795 0.00721387 0.01 0.0107825 0.00424103 
0.0129986 0.00939683 0.00774096 0.00540756 0.0070857 0.00608999 0.00890054 0.0147156 0.0162158 0.0078889 0.0101109 0.0153907 0.00644382 0.0069574 0.00716332 0.00754654 0.0082767 0.0101221 0.00637397 0.0196762 0.025416 0.00707581 0.0086512 0.00589441 0.0258402 0.0153107 0.00735968 
0.0103395 0.00998669 0.00856675 0.0135053 0.0162082 0.00856391 0.00857239 0.00528323 0.00536363 0.00685906 0.00675557 0.00766909 0.00734059 0.00618419 0.00831377 0.0563245 0.0100209 0.0119007 0.0150488 0.00339665 0.0251983 0.0116129 0.00691284 0.0122247 0.0154137 0.00846427 0.0156843 
0.011105 0.00423028 0.00719672 0.00639226 0.00763447 0.00773342 0.0150208 0.0296276 0.00756105 0.00801072 0.00530062 0.014773 0.0111693 0.00678551 0.00641115 0.00735057 0.00933029 0.00668523 0.0067213 0.00833227 0.00828745 0.00584555 0.00817687 0.00714092 0.00704986 0.00652257 0.00469036 
0.0171128 0.00864906 0.011104 0.0112609 0.00723894 0.00559574 0.0161832 0.0162559 0.0164977 0.0085355 0.0118216 0.00575423 0.00537506 0.00744548 0.00476767 0.00683353 0.0200453 0.00962767 0.0293581 0.0150653 0.0172733 0.0112006 0.00790714 0.0128215 0.0122281 0.0238087 0.0106083 
0.00663095 0.00677082 0.0150647 0.00628508 0.00562021 0.00899158 0.0242035 0.00894318 0.0109962 0.0133186 0.025602 0.00631667 0.0114671 0.01 0.00926148 0.00539473 0.00822416 0.0101861 0.00753748 0.00778686 0.00864217 0.0110821 0.00655431 0.00601001 0.00758478 0.0140379 0.00696664 
0.01 0.00611726 0.00669727 0.00934905 0.00902913 0.00649272 0.00777438 0.0061672 0.0123901 0.00348454 0.0350896 0.0113737 0.00727706 0.00811344 0.026695 0.00890609 0.00928319 0.00634575 0.01 0.0176268 0.0134574 0.0102498 0.0113273 0.0108775 0.012415 0.00669334 0.0134733 
0.01 0.01 0.00860133 0.00482993 0.00596253 0.005341 0.0132124 0.0124025 0.0115519 0.0253003 0.0135699 0.0116492 0.0178076 0.00802958 0.0126665 0.0159443 0.00630082 0.011531 0.0146256 0.00595371 0.01 0.01 0.0124868 0.0166778 0.0106732 0.0199335 0.01 
0.01 0.01 0.0273776 0.023219 0.00617659 0.0101257 0.00706816 0.00492226 0.0083706 0.00554004 0.00648718 0.0154644 0.0107561 0.0269088 0.00767597 0.0155013 0.00632778 0.00635248 0.00704453 0.01 0.0156333 0.00585714 0.0111515 0.0108409 0.00624655 0.00804289 0.0101203 
0.01 0.01 0.01 0.00943442 0.00847309 0.00696881 0.00583808 0.0117017 0.0102585 0.0123825 0.00626241 0.00919667 0.01 0.00918339 0.00853938 0.00736913 0.00538895 0.00918957 0.00508228 0.0067368 0.00724639 0.0100841 0.00832654 0.00630666 0.0110372 0.0129906 0.0105241 
0.01 0.01 0.01 0.00945892 0.00583222 0.00748116 0.00746192 0.00475668 0.00617616 0.0115522 0.00903705 0.0106329 0.00992386 0.00935038 0.0105937 0.0080014 0.00566339 0.0145863 0.00723993 0.00675937 0.00654448 0.0073195 0.00748528 0.00800023 0.00855285 0.00755824 0.00946228 
0.01 0.01 0.000777904 0.0170296 0.0073533 0.0123116 0.00822889 0.00563759 0.00754338 0.0147525 0.00886674 0.00917412 0.00771147 0.00508144 0.00807401 0.00618026 0.00624603 0.00689455 0.00793802 0.0117124 0.00692676 0.00635378 0.00751687 0.00629321 0.0057243 0.00759343 0.018061 
0.01 0.01 0.01 0.0154285 0.0154964 0.00395146 0.00780735 0.00945792 0.00633882 0.0121638 0.012218 0.00957039 0.0100307 0.0081616 0.00622578 0.00661873 0.00741092 0.010531 0.00945385 0.00900425 0.0140876 0.00917562 0.0284927 0.00725056 0.0116456 0.0107858 0.011076 
0.01 0.01 0.0118181 0.00585105 0.00716222 0.00918459 0.00910074 0.00702696 0.00672542 0.0187172 0.01 0.01 0.00941509 0.0119777 0.0140707 0.00904963 0.0110744 0.00498767 0.0122067 0.00915656 0.0123232 0.0142526 0.00958993 0.0117881 0.00549875 0.00891821 0.00962935 
0.00813865 0.00865332 0.00844699 0.01 0.01 0.00732155 0.00962136 0.0061888 0.0101909 0.00944921 0.0075847 0.0075561 0.00763446 0.00825803 0.00673387 0.00659642 0.0110376 0.0166581 0.00411794 0.0142757 0.00729308 0.00744451 0.00917619 0.0055198 0.00978051 0.00703658 0.00703407 
0.00310246 0.0112421 0.013005 0.0117963 0.012119 0.01 0.0067388 0.0090211 0.0152108 0.00999389 0.0221398 0.00937012 0.00604283 0.00541528 0.00992004 0.00700799 0.00741853 0.0299645 0.00612748 0.00947005 0.0073948 0.015669 0.00715606 0.0108709 0.00759155 0.00944314 0.0140615 
0.00685502 0.0124718 0.0105894 0.00667849 0.00819704 0.00117419 0.00609205 0.0161691 0.0123052 0.0134478 0.0131217 0.0122457 0.00662448 0.00768037 0.00930571 0.00639201 0.00564725 0.00723609 0.00578409 0.00958603 0.00743391 0.0110736 0.00673304 0.00896118 0.00811782 0.0142881 0.0141837 
0.00765545 0.00521597 0.00710006 0.0101411 0.00879117 0.0033188 0.00970318 0.0255121 0.00822811 0.00814021 0.00928763 0.00687083 0.01 0.00893369 0.00715899 0.0147194 0.00626815 0.00638195 0.01 0.00727957 0.00646736 0.00765875 0.00926151 0.00907798 0.0250533 0.00981538 0.0118011 
0.00548731 0.00602568 0.00966594 0.00995316 0.00761584 0.01 0.0127079 0.00616078 0.00671727 0.00710908 0.00879035 0.00692308 0.0175525 0.00868757 0.00967007 0.0198867 0.0212586 0.0229281 0.0217078 0.0105262 0.012927 0.00715902 0.0080309 0.0116447 0.00682015 0.00810052 0.00565066 
0.0164513 0.0164681 0.0182409 0.00909879 0.00789761 0.01 0.011307 0.00506737 0.00833517 0.0096242 0.0119967 0.00809347 0.0111601 0.00971613 0.00541164 0.020603 0.0158183 0.0132735 0.0367729 0.00791912 0.00704359 0.00997701 0.0100357 0.02174 0.00879533 0.0104167 0.00823148 
0.01 0.00389155 0.0200859 0.0118177 0.00691878 0.00438761 0.00802113 0.0147516 0.00937577 0.00570934 0.0120638 0.0113377 0.00611958 0.00641013 0.0117282 0.0192287 0.0121517 0.00665088 0.0692674 0.00609461 0.00834262 0.0105095 0.0049004 0.00723635 0.0166951 0.0244774 0.0219578 
0.01 0.01 0.01 0.0248448 0.0105566 0.00693563 0.0112652 0.022784 0.0207367 0.0214991 0.0237759 0.0115267 0.0137838 0.00979584 0.00791698 0.0123241 0.00991941 0.00862743 0.00975661 0.00950969 0.00490076 0.00998013 0.0118893 0.0103917 0.0197536 0.00947285 0.01 
0.01 0.017563 0.0135848 0.00768489 0.0336332 0.00782245 0.0196131 0.0153973 0.01 0.00790305 0.0135523 0.0103878 0.0163437 0.0250459 0.0277886 0.0101228 0.00825385 0.0147103 0.0152084 0.0111835 0.014517 0.0106824 0.0132182 0.01 0.00858791 0.0144765 0.0188291 
0.00546662 0.00937694 0.00837946 0.011978 0.00748883 0.0060556 0.0147361 0.00823963 0.0188719 0.00677734 0.00921744 0.00707225 0.0131045 0.00546938 0.0129943 0.00474538 0.0112069 0.0136301 0.0102258 0.0107601 0.0098912 0.0114985 0.0102438 0.00664903 0.01 0.01 0.01 
0.00988432 0.00854805 0.00824211 0.0111928 0.00857224 0.00791441 0.0287612 0.0118963 0.0184964 0.0154194 0.0207223 0.01235 0.00590651 0.0241151 0.00699981 0.0102944 0.0134253 0.0121198 0.00653947 0.0083938 0.0135778 0.0158242 0.0116437 0.0143315 0.01 0.01 0.01 
0.00797432 0.00918485 0.00615932 0.0100198 0.00708956 0.011166 0.0127746 0.01 0.00864339 0.00747192 0.0189536 0.0089796 0.00940421 0.0131652 0.0124536 0.00978294 0.00912733 0.00999442 0.0177931 0.0184545 0.0069142 0.0206034 0.0114663 0.01 0.01 0.01 0.01 
0.014856 0.00733556 0.00371694 0.0115605 0.0158312 0.00935051 0.01 0.0114438 0.00840292 0.00681885 0.0106045 0.0129612 0.010575 0.00897375 0.0109655 0.0135574 0.0145863 0.00802433 0.00901452 0.0256893 0.0124494 0.0135711 0.0120451 0.00152509 0.164509 0.01 0.01 
0.0118262 0.0070574 0.00853678 0.0114848 0.0244418 0.0164356 0.0104364 0.00819379 0.00498356 0.00951383 0.01 0.0164381 0.00949866 0.0145735 0.0291079 0.0194384 0.0246601 0.0075295 0.00727639 0.00493972 0.00891991 0.0077969 0.00811895 0.00474925 
0.0103484 0.00639914 0.00674081 0.01 0.0107809 0.00500745 0.0166747 0.0070408 0.0089807 0.00857939 0.0093632 0.00598522 0.0144034 0.0203741 0.00683256 0.0211287 0.0112911 0.029098 0.00606197 0.00805538 0.0170888 0.00728583 0.0134064 0.0244945 
0.00771501 0.00792992 0.00683852 0.0123513 0.00181884 0.0122991 0.01 0.0170248 0.00500869 0.00664738 0.00691102 0.0222383 0.00755495 0.01 0.0153259 0.0187163 0.011335 0.01 0.0117956 0.0298446 0.0153912 0.0143248 0.0151709 0.01 
0.0138148 0.0104343 0.00509279 0.0130233 0.0263221 0.01 0.01 0.00492999 0.00706925 0.00796592 0.00837935 0.026228 0.00970372 0.0163393 0.0190834 0.00738417 0.0119218 0.01 0.01 0.0216583 0.0139628 0.00961445 0.0164024 0.010149 
0.0166222 0.00470161 0.0107278 0.0104524 0.0184505 0.01 0.01 0.0143717 0.00706985 0.0120445 0.0122138 0.00690255 0.0102698 0.0161195 0.0109096 0.0128093 0.00629634 0.00800728 0.0109945 0.0189168 0.0175508 0.0105544 0.0175126 0.01 
0.0167051 0.0172561 0.00635784 0.0100638 0.00387549 0.01 0.01 0.00859493 0.00870065 0.00671782 0.0148542 0.0080312 0.0104902 0.00904249 0.00621001 0.00651221 0.00945751 0.0207445 0.01 0.0150849 0.0381376 0.0138008 0.0114327 0.0130899 
0.0075895 0.0121584 0.0107028 0.00805705 0.00805754 0.00819879 0.0206092 0.0308271 0.019366 0.00712437 0.0163397 0.0128617 0.0190762 0.00534771 0.00688554 0.0100486 0.0114812 0.0145332 0.00827193 0.0130808 0.00817642 
0.00938905 0.0117356 0.00794318 0.00590993 0.0117452 0.0139916 0.01 0.017605 0.0125584 0.0180973 0.0141533 0.0168343 0.00730928 0.0097949 0.0062461 0.0108187 0.0190783 0.0158743 0.0147731 0.011218 0.00918048 
0.0214799 0.0109567 0.0109242 0.0152695 0.0251705 0.0137509 0.01 0.01 0.0265883 0.0153033 0.01 0.0239589 0.0158722 0.0130457 0.00656803 0.0180965 0.01 0.011375 0.0110013 0.0167613 0.0200401 
0.00870883 0.00836525 0.00686211 0.00747987 0.0126543 0.01 0.012846 0.0235748 0.01 0.01 0.01 0.01 0.01 0.0134046 0.0199393 0.0272839 0.0117451 0.0143719 0.0218839 0.0217157 0.01 
0.00661521 0.0116864 0.0101296 0.0140359 0.0187356 0.0132498 0.0142413 0.0141236 0.01 0.01 0.01 0.0132673 0.01 0.040765 0.0119502 0.0127892 0.0179767 0.01 0.0124336 0.0141157 0.01 
0.0104843 0.00709125 0.0088257 0.00656515 0.0135241 0.00568393 0.00681758 0.0158991 0.01 0.01 0.0260925 0.00569517 0.0223816 0.0200396 0.0190978 0.0234342 0.01 0.0155955 0.0130318 0.0121259 0.01 
0.013636 0.00572039 0.00893693 0.0162287 0.00979965 0.007806 0.0214285 0.01 0.01 0.0184975 0.0173004 0.0225848 0.01 0.0206326 0.0183759 0.01 0.00922913 0.01 
0.0117989 0.0128848 0.0110709 0.00585692 0.0106658 0.0150641 0.0121033 0.01 0.01 0.0104471 0.0149288 0.01 0.01 0.01 0.0119873 0.017016 0.01 0.0230995 
0.0160229 0.0193382 0.0117194 0.0107685 0.00960465 0.0077755 0.01 0.01 0.01 0.0167102 0.0213718 0.01 0.01 0.01 0.0119425 0.00801763 0.0210604 0.01 
