0.00175 0.00266867 0.00248753 0.00118659 0.00202843 0.00139718 0.000767698 0.00332779 0.00145959 0.00145491 0.00222524 0.00374568 
0.00175 0.0028114 0.00143237 0.00176327 0.00093943 0.000942739 0.0013527 0.000431388 0.000355789 0.00208857 0.00104803 0.00256277 
0.00175 0.000549083 0.000427533 0.000715537 0.00130454 0.00140537 0.00100678 0.00136021 0.000370052 0.000901407 0.00115469 0.0031688 
0.00175 0.00165191 0.000439912 0.000234972 0.00014458 0.00124828 0.000757622 0.000631799 0.00152042 0.000266763 0.00148811 0.0011529 
0.00175 0.00087855 0.000821107 0.000740903 0.00143215 0.000322877 0.0015555 0.000780105 0.00106298 0.000320179 0.00184944 0.00180177 
0.00157432 0.00192178 0.00101032 0.00101171 0.000497694 0.00132488 0.00128707 0.00159681 0.000780613 0.000987939 0.00173477 0.000271177 
0.000536685 0.000275533 0.000114529 9.22957e-05 0.000976612 0.000139374 0.0017474 0.00138112 0.000989428 0.00031724 0.00090362 0.000631609 
0.00221862 0.00113032 0.000569661 0.000709926 0.000471736 0.000443373 0.000606631 0.000944692 0.00113894 0.000243519 0.000656244 0.00146627 
0.0022979 0.000399668 0.000232972 0.000635618 0.00129762 0.00105766 0.000616405 0.00066423 0.000742047 0.00167935 0.000528409 0.000638621 
0.000322831 0.00064841 0.00116187 0.0012422 0.00115943 0.000989581 0.00140434 0.00136467 0.000884313 0.00065972 0.000356568 0.00305697 
0.00249786 0.000674456 0.000100425 0.00102536 0.00110681 0.00136934 0.00103495 0.00112949 0.000772089 0.000790621 0.000336627 0.000210069 
0.00204233 0.00188685 0.000647006 0.00149312 0.00146895 0.00164635 0.000643758 0.00117626 0.00102122 0.000965628 0.000553424 0.00372126 
0.000427546 0.000185854 3.41157e-05 4.08622e-05 0.000380125 0.000292517 0.00259605 0.00114627 0.000629652 0.000672997 0.000274876 0.0035386 
0.00145567 0.000407449 0.000868511 0.000811173 0.000863917 0.00150604 0.000531412 0.00137343 0.000715881 0.000471612 0.000813494 0.000633545 
0.0018788 0.000699444 0.000892791 0.000327959 0.00110529 0.000952458 0.00150324 0.00107274 0.000831799 8.55688e-05 0.00108634 0.00341337 
0.00335189 0.000662883 0.000691111 0.000625411 0.00150897 0.000716587 0.00133405 0.00141338 0.000623137 0.00106414 0.00132802 0.000934719 
0.00349821 0.000593003 0.00144499 0.000536889 9.36952e-05 4.82939e-05 0.000838054 0.000281101 0.000867516 0.000975773 0.000908317 0.000712344 
0.00274887 0.000213843 0.000702103 0.000539529 0.000532806 0.000521613 0.000361553 0.000990237 0.000659486 0.00066848 0.00105877 0.000455222 
0.0050249 0.00129402 0.000994029 0.000505145 0.00157264 0.000654018 0.00115634 0.00106156 0.000691727 0.000672448 0.0020386 0.00119858 
0.00432152 0.000122349 0.00175327 0.000463226 0.000316387 0.000804945 0.000603768 0.00101818 0.00109353 0.000899074 0.00113327 0.000124021 
0.0045194 0.0014132 0.000203692 0.00037592 0.000658375 0.00011283 0.00116863 0.000240747 0.00156943 0.000203541 0.00157896 0.000227729 
0.00265122 0.00116889 0.000828281 0.000486138 0.00138138 0.000900703 0.000406499 0.00128851 0.00127851 0.00103522 0.00168929 0.00338812 
0.00175 0.00403728 0.00120509 0.000843067 0.00132948 0.00158823 0.00136353 0.00058111 0.0013025 0.00171401 0.00315617 0.00308539 
0.00731553 0.00733844 0.000338846 0.000558649 0.000609703 0.000617282 0.000763998 0.00159659 0.00195007 0.00122355 0.00263376 0.00416878 
