1 1 1 1 1 1 1 1 1 1 1 1 
1 1 1 1 1 1 1 1 1 1 1 1 
1 1 1 1 1 1 1 1 1 1 1 1 
1 1 1 1 1 1 1 1 1 1 1 1 1 1 1.42709 0.909512 1.16512 1 
1 1 1 1 1 1 1 1 1 1 1 1 1 1.69134 1 1.06363 0.950484 1.38225 
1 1 1 1 1 1 1 1.56677 1 1 1 1 1 0.915601 1.14529 1.01915 0.970576 1.34186 
1 1 1 1 1 1 1 1 1.03197 1.1716 1.25981 1.27735 1.46095 1.01341 1.05726 0.841994 0.990335 0.976687 0.934684 1.08524 1 
1 1 1 1.16189 1 1.14425 1.53896 1.22765 1.02672 1 0.914698 0.942671 0.833487 1.03276 0.985226 1.03896 1.01005 1.01234 0.990374 1.12014 1 
1 1 1.39767 0.991519 1.09005 0.988386 0.945505 0.971615 0.945141 1.04261 0.993855 1.01551 0.993059 1.00035 0.999003 0.993783 0.992918 1.02517 0.971827 1.10363 1 
1 1.01569 0.966164 0.91483 1.07062 0.921549 1.01837 1.02182 0.968656 1.00695 0.975107 0.990941 1.00323 1.00056 1.0029 0.99006 0.976852 1.00017 0.990208 1.27128 1 
1 1.23605 0.986738 0.991244 0.992732 1.00394 0.971019 1.01752 0.995403 1.00655 1.01547 0.977032 0.967518 1.00654 1.00507 1.00741 0.99543 1.00073 1.00448 0.995478 1.43914 
1 1.01193 0.948244 1.02842 1.01738 0.967363 0.97349 0.975589 0.926166 0.988292 0.982797 1.00871 1.01605 0.989127 0.987558 0.98646 1.00319 1.02247 0.992497 0.975752 1.06321 
1 1 1.11922 0.992647 1.01426 1.00507 1.02049 1.00989 0.966006 1.00349 0.98848 0.992134 0.982885 0.991197 0.972021 1.01721 0.989123 1 1.01024 1.06402 0.969775 0.990692 1.12694 1 
1 1 1.16022 0.936994 0.995147 0.949695 0.914452 1.03833 1.00276 0.972567 0.99792 0.98585 1.00713 1.01131 0.875927 1.00157 1.01848 0.988126 1.11382 1 1.15272 0.985635 1.24655 1 
1 1 1.15634 1.00099 1.17517 1.03812 1.03008 0.988608 1.00967 1.00406 0.965421 0.984159 0.971798 1.01786 1 1.24832 0.948811 1.11631 1 1 1 1 1 1 
1 1.74578 1 1 1.03427 0.975205 1.02615 0.970713 0.976004 0.992756 1.03294 1.01394 1.01367 0.983154 0.979882 1.02432 -1.42297 0.871308 1.24246 1 1 4.03452 1 1 
1 1 1 1 1.54077 0.986636 0.997782 0.984885 0.984827 0.944912 0.954362 1.01756 1.00476 1.00564 1.0066 1.00952 1.00868 1.01086 1.00205 1.06389 0.939016 0.734384 1.04687 1.90242 
1 1 1 1 0.86113 0.99062 0.981071 1.04382 0.979379 1.00501 1.00555 0.98955 1.00561 0.993905 0.999608 0.99963 0.991031 0.982277 0.983434 0.994668 0.990283 1.033 0.941133 1.02248 
1 1 1 1 1.85416 0.984716 1.0342 1 0.96797 0.978436 0.991401 0.990266 1.02735 1.00633 0.963822 1.02551 0.970523 1.20328 1.15433 1.07672 0.960092 0.996909 1.05097 0.955 1.24282 1 1 
1 1 2.13566 1.08672 1.19799 0.996438 1.01578 1.0076 0.926863 1.00596 1.01098 1.02747 0.969823 0.968014 0.969761 0.97798 0.999942 0.966369 1 1.71551 1.01174 0.991555 0.991831 0.9478 1.15644 1 1 
1 1.3065 0.963976 0.98027 1.00486 1 1.01729 0.9785 1.06931 1.00142 1.00158 1.00062 1.00835 1.00198 0.999175 1.01307 0.952467 1.22034 1 1 1.06077 0.979266 0.989519 0.992076 0.989314 2.26637 1 
1 1.22488 0.972285 1.00158 0.951905 0.995188 1.00881 0.933798 1.00417 0.972207 0.995439 1.01718 0.990623 1.0202 1.01097 0.974246 1.01076 0.985495 1.15657 1 1.19545 0.972618 0.996252 1.00479 0.976867 0.942239 1 
1 1 1.23799 0.987853 0.980455 1.02224 1 1.0734 0.951319 0.997472 1.00493 0.991812 1.00982 0.983506 0.977653 1.01021 0.988714 1.01154 0.86818 1 1.02392 0.992405 1.01452 0.983564 1.00425 1.20612 1 
1 1 1 1.01204 1.00738 1.00888 0.993973 1.02329 0.998384 0.995603 0.975394 0.985824 1.02329 0.996473 1.01719 1.00735 1.0032 0.985836 0.994223 0.969538 0.897623 0.99754 0.979634 0.993411 1.01667 1.01245 1 
1 1 1.18639 1.02227 1.03583 0.999075 0.979497 0.945681 1.01705 1.00039 1.02191 0.978159 1.0144 -3.72412 0.98412 1.00774 0.98739 1.00763 0.995052 1.01288 1.01591 0.997504 1.0062 1.0097 0.942225 1.24058 1 
1 1 1.19895 0.961894 0.994155 0.980434 1.02202 1.04175 1.01422 0.943493 1.00353 1.00337 0.995673 0.971972 0.99542 0.961181 1.03105 0.969359 1.0261 0.990301 1.01913 1.00976 1.01254 0.969042 0.984467 1.11014 1 
1 1 1.25689 0.970247 1.04914 0.917991 1 0.859359 1.00499 1.01965 0.994255 0.997484 0.992618 0.989961 1.03043 1.0292 1.00716 1.00096 0.989462 1.01603 0.997281 0.989012 1.02073 1.02923 1.00527 1.14748 1 
1 1 1.02541 1.03637 1.00002 0.99418 1.02813 1.01328 1.00715 1.00458 0.9713 1.01143 0.998294 0.994965 0.997081 0.996279 1.02211 1.00649 0.993535 0.99232 1.0039 1.0035 1.0389 0.779692 1 1.0261 1 
1 1.20188 0.938049 0.988588 0.985287 0.993617 0.968784 1.0095 1.01772 0.989103 1.00342 1.01045 0.995309 0.99226 0.989566 0.996681 0.996625 1.00034 0.990916 1.04664 0.977516 1.0192 1.02136 1.00827 1.07871 1 1 
1 1.14685 1.02823 1.02313 0.989487 0.980809 0.97734 0.996496 0.976362 1.00034 0.996496 0.98711 1.00558 0.985616 1.02028 1.02729 1.00781 0.998914 1.00003 0.914756 1.02775 1.00317 1.01381 1.01595 0.992123 1.3103 1 
1 0.986675 1.04094 0.993139 1.02777 1.01581 0.994392 1.02388 0.98732 1.00589 1.00273 0.998033 1.01098 0.98776 0.984685 0.993162 1.002 0.989526 1.00301 1.00159 1.00973 0.969892 0.983447 0.990836 0.973101 1.07793 1 
1 1.58619 0.92402 1.0108 0.981597 0.985989 1.00029 0.998179 0.985969 0.996723 1.01382 0.989517 0.963808 1.0023 0.980822 1.0087 1.00974 0.971412 1.01351 0.997541 0.987193 1.0014 1.02444 1.01304 0.982918 1.21401 1 
1 1 1.19778 0.970311 1.0158 0.985458 1.01509 0.997028 1.00701 1.00227 0.988597 0.977453 0.999495 -12.7625 1.02085 0.989102 0.989042 1.07051 1.06813 1.0684 1.14441 1.09821 0.983487 1.00357 0.985572 1.12469 1 
1 1 0.791194 1.03921 0.980245 1.01031 0.997531 0.972916 1.01747 0.955983 1.06168 0.992233 1.01654 0.973201 1.01146 1.0024 1.00726 1.0222 1 1 1 1 1.17283 0.98653 1.00286 1.02474 1 
1 1 1.09667 1.09684 0.978521 0.971263 1.01593 1.00527 0.992941 0.999215 0.994911 1.00266 0.998863 0.989484 1.01064 1.00027 0.993113 1.18526 1 1 1 1 1 1.09975 0.986484 1.06407 1 
1 1 1 1.07194 1.02559 1.0002 1.00362 0.948735 1.0093 1.02325 0.98678 1.00849 0.983523 1.08673 0.983461 1.0213 0.999548 0.954642 1.40588 1 1.3546 0.810531 1.18896 0.989954 0.976153 1.21567 1 
1 1 1 0.718211 1.01385 1.02773 0.975438 1.0372 1.00548 1.03223 1.01023 1.01403 1 0.865949 1.01321 0.986584 1.03006 0.985453 0.955737 1.04196 0.972463 1.01264 0.97877 1.0116 1.00339 1.16313 1 
1 1 1 1.69721 0.995937 0.965539 0.994632 0.996922 0.95726 1.01714 1.00967 1.01102 1.0186 1.02849 1.01451 1.00631 0.955064 1.00698 0.987126 0.980999 0.986187 1.00752 1.00108 0.992253 1.00293 1.09371 1 
1 1 1 1 1.18818 1.0316 1.05398 1.00236 1.02066 1.01282 1.10061 0.998617 1.00322 1.01358 0.973265 1.00878 0.989883 1.00635 0.985283 1.00474 1.01847 0.999851 0.989534 1.00418 0.959101 1.21686 1 
1 1 1 1 1.32463 1.01224 0.99838 1.00831 0.978407 1.20285 1 1.20066 0.987702 1.00518 1.01036 1.00489 1.00493 0.995417 0.981017 0.991198 1.00043 1.00036 1.0261 1.00393 0.98857 1.19312 1 
1 1 1 1 1 1.05274 1.01456 0.980261 0.989146 0.95109 1 1 0.952633 0.99762 1.01634 0.998347 1.00828 1.02593 1.01547 0.991275 1.02881 0.995383 0.975322 1.00317 1.01287 1.05936 1 
1 1 1 1 1 0.908532 0.961271 1.00595 1.01012 1.10009 0.965265 1.02283 0.979139 1.00051 1.00615 0.997686 0.997609 1.00225 0.951361 1.01343 1.01239 1.00446 1.01208 0.976693 1.03683 0.986182 1.49173 
1 1 1 1 1 1 0.815598 1.0178 0.994947 0.987411 1.01559 0.990797 0.998558 0.991201 1.02152 0.989421 0.956148 1.06019 1.03094 1.00138 1.01188 1.00624 1.00139 1.0109 0.962846 1.11044 1 
1 1.49509 1.12359 1.17895 1 1 1.03801 1.00267 1.00537 1.01531 0.980004 1.0662 1.04492 0.928612 1.00737 0.995491 0.99842 1.05205 0.96003 0.928277 1.00046 0.990556 0.999554 0.973242 1.01425 0.97057 1.71208 
1 1.07104 0.955992 1.14623 1 1 0.809245 1.02021 1.01515 0.998315 1.01034 0.866228 1 0.827876 1.02821 0.996704 0.979381 1.09081 1 0.973501 0.968376 1.00655 0.983991 1.01008 0.952939 1.14462 1 
1 1.09316 0.99434 1.09416 1 1 1.27044 0.986637 0.996955 1.00812 0.985707 0.981282 1.03295 0.974983 1.00931 0.974948 1.16017 1 1.76388 0.719895 1.01399 1.04618 1.00901 0.993912 0.97097 1.04132 1 
1 1.20441 1.13513 1.12879 1 1 0.973799 0.984972 1.01113 0.975635 1.00361 0.998102 0.997253 0.997274 1.01525 0.997246 0.985654 1.11763 1 1.15956 0.973224 0.999611 0.994525 1.01252 1.12378 1.55482 1 
1 1 1 1.23466 2.75558 0.85465 1.02195 1.04524 0.954075 1.13546 1.00761 0.989254 1.0019 1.00586 0.988567 1.04015 1.00588 0.940015 1.23011 0.937638 0.982301 0.990208 0.964109 1.09687 1 1 1 
1 1 1 1 1.10816 0.958881 1.06411 1 1.26987 1 1.08181 1.01475 1.04768 0.953608 1.00682 0.989714 0.975993 1.00348 0.961934 1.02283 0.990559 1.0206 0.988496 1.17446 1 1 1 
1 1 1 1.95368 0.969033 1.01843 1.08106 1 1 0.948677 1.02826 1.00491 1.03911 1.0644 1.04825 1.04782 1.00219 0.996558 1.03171 0.974898 1.01277 0.919896 1.28598 1 1 1 1 
1 1.13831 1.01263 0.995337 0.998686 0.953122 1.09356 1 1 1.09716 1.01484 0.983373 0.962321 1.06512 0.966912 0.948511 1.02425 1.01762 0.987496 0.963553 1.09135 1.48736 1 1 1 1 1 
1.08603 0.955396 1.00442 0.989886 0.994914 0.982561 1.08841 1.06349 1.06694 0.985035 1.08055 0.993709 1.00118 0.971254 0.976516 1.03441 0.931567 0.888782 0.932174 1.21401 1.03108 1 1 1 1 1 1 
1.25754 0.993578 0.972181 1.01352 0.972565 1.0184 0.966457 1 0.992278 0.992719 0.946929 1.01822 0.989468 1.07416 0.936852 0.961317 1.01693 0.98205 1.1585 1 1.10338 1.67319 1 1 1 1 1 
1 1.13318 0.89329 1.00534 0.985379 0.961924 1 1.02401 0.994297 1.14808 1.39547 0.970502 0.990339 0.950414 1.15239 1.13552 0.940203 1.00444 1.05255 1 1.07316 1.10181 1 1 1 1 1 
1.08251 0.952526 1.185 0.973637 1.23165 1.07291 0.916077 0.997905 1.01724 0.834862 1 1.16405 0.967027 1.10917 1 1 1.53059 0.936552 0.996232 0.962437 1.03943 1.00488 1.35204 1 
1.01598 0.962466 1.16065 1 1 1.09472 1.28534 0.895463 0.976439 0.998978 1.09171 0.67711 1.02952 0.947934 1.37665 1 1 1.19109 0.869769 1.2732 0.990622 0.950926 1.50553 1 
0.965294 0.975535 1.14445 1 1 1 1 1.04983 0.999354 1.00015 0.988307 0.992373 1.03794 1 1.08026 1 1 1 1.26233 1 1.08166 1.25331 1 1 
1 1.16463 1.01935 0.975298 1.26754 1 1 1 0.872034 0.988663 0.984203 1.0038 0.991081 1.01207 1.0155 0.985818 1.17175 1 1 1 1.11577 1.02267 0.940351 1 
1.54107 0.934131 1.00674 1.0421 0.989243 1 1 1 1.19195 0.99745 0.991309 0.995342 1.0139 0.954458 0.990467 1.02565 0.910144 1 1 1 1.28222 0.92829 1.53925 1 
1.06546 1.01874 0.974297 1.0458 0.238269 1 1 1 1.12687 0.944873 1.07642 0.944222 1.00447 1.04589 1.00996 0.95265 0.994115 1.20977 1 1.13779 1 1.27069 1 1 
1.04725 0.964338 1.04201 1.03954 1 1 1 1.27616 0.906102 0.925318 1.02536 0.970424 0.948361 0.973533 0.969117 1.01287 0.91424 1.07078 0.974916 1.20978 1 
1.6943 1.00459 0.985725 0.94081 1.86847 1 1 1 1.55323 1.21081 1.01275 1.2091 1.31399 0.974753 1.03306 0.975048 1.0484 1.01708 0.953067 1.05966 1 
1 1.07362 0.973186 1.03745 1 1 1 1 1 1 1 1 1 1.19914 0.894583 1.10822 1 0.950125 1.1807 1.10146 1 
0.878258 1.14163 0.937997 0.990527 0.996138 1 1.08756 2.2159 1 1 1 1 1 1 1.15503 1.58373 1 1 1.54001 1 1 
1.45199 0.93894 1.01135 0.979368 1.0185 1.03453 0.981248 1 1 1 1 1 1 1 1.16369 1 1 1 1 1 1 
0.737884 1.09423 0.995483 1.01467 0.986419 0.987414 1.18105 1 1 1 1 1 1 1 1.39967 1 1 1 1 1 1 
0.754794 1.02101 0.996627 0.971696 1.01153 0.969905 1 1 1 1 1 1 1 1 1.77221 1 1 1 
1.39514 1.01883 0.968601 1.02117 0.99442 1.28335 1 1 1 1 1 1 1 1 1 1 1 1 
1 1.11646 1.00847 1.08691 0.91849 1 1 1 1 1 1 1 1 1 1 1 1 1 
