0 0.007 0.007 0.007 -0.000696773 0.0103291 0.0112156 0.00834599 0.00848623 0.00716864 0.0715586 0.007 
0.007 0.007 0.0251002 0.0118376 0.010875 0.00861165 0.00765522 0.00769446 0.00768419 0.00960245 0.00725568 0.137606 
0.007 0.0121181 0.00578857 0.00747056 0.00783616 0.00786229 0.00799317 0.00771853 0.00769221 0.00850549 0.00786302 0.0117177 
0.00234628 0.00848963 0.00833602 0.00811415 0.00753116 0.00803832 0.00766858 0.00763034 0.00746878 0.00881403 0.00516472 0.00941506 0.0110141 0.0108359 0.011381 0.0113542 0.0107469 0.0205263 
0.00976202 0.0078989 0.00806185 0.00744502 0.00765329 0.00785436 0.00799716 0.00761358 0.00794993 0.00764586 0.00787816 0.00759385 0.00727671 0.00709053 0.00726246 0.00719195 0.00670597 0.00880473 
0.00866537 0.00765741 0.00777242 0.00975645 0.0074934 0.00919192 0.00768822 0.00766232 0.00794627 0.00781119 0.00770539 0.00807493 0.0081021 0.00781046 0.00812073 0.00816127 0.00761108 0.0124696 
0.0114166 0.00788471 0.00778779 0.00782793 0.00757076 -0.00030171 0.00842476 0.00759221 0.00800888 0.00774557 0.00779286 0.00795298 0.0078726 0.00764678 0.00776551 0.00804469 0.00771321 0.00791373 0.00746184 0.0101203 0.0166928 
0.00838389 0.00757893 0.00793531 0.00800514 0.0074807 0.00881729 0.00823199 0.00776546 0.00788287 0.00796682 0.00785587 0.00797543 0.00800562 0.00782105 0.00804271 0.00788823 0.0077252 0.00799623 0.00806063 0.00733212 0.00713409 
0.0105585 0.00778261 0.00791458 0.00788255 0.00784232 0.00768025 0.00796548 0.00771387 0.00805314 0.00791016 0.00770657 0.00788873 0.00803339 0.0076791 0.00802673 0.00795149 0.00787421 0.00797035 0.00814186 0.00787729 0.00888103 
0.0084752 0.0077067 0.00793364 0.00802852 0.00774186 0.00798346 0.00792747 0.00771021 0.00794344 0.00797493 0.00787139 0.00779916 0.0079186 0.00770113 0.0080829 0.00802271 0.00784479 0.00789981 0.00801763 0.00775022 0.0128241 
0.00875524 0.00788453 0.00803147 0.00791964 0.00775889 0.00786235 0.00796437 0.00784478 0.00790678 0.00785957 0.00788628 0.00805586 0.00802649 0.00769571 0.00804319 0.00809057 0.00763383 0.00812749 0.00806889 0.00772912 0.00926983 
0.00559338 0.00743405 0.00790453 0.00811429 0.00765543 0.00810094 0.00801668 0.00775758 0.00789801 0.00805504 0.0077276 0.00786804 0.00781531 0.0077028 0.00802486 0.00796858 0.00790844 0.00790164 0.00799478 0.00745699 0.0121975 
0.0163558 0.00363518 0.0102758 0.00767018 0.00766569 0.00802737 0.00782533 0.00781741 0.00788887 0.00785725 0.00769761 0.00799869 0.00803875 0.00771399 0.00800205 0.00793935 0.007754 0.00810454 0.0080129 0.00782893 0.00774657 0.0076736 0.0102801 0.0124824 
-3.90516e-05 0.0072626 0.00937183 0.00774604 0.00785674 0.00785888 0.00802328 0.00765419 0.00792345 0.00803332 0.00778832 0.00791852 0.0080398 0.0077074 0.00809296 0.00799925 0.00785822 0.00792842 0.00874236 0.00785507 0.00991819 0.00784491 0.00725673 0.00860031 
0.0131064 0.00774317 0.00765697 0.00779299 0.00742325 0.0079969 0.00801403 0.0079532 0.00806225 0.00806729 0.00776812 0.00791894 0.00789574 0.00785897 0.00804724 0.00792611 0.00788905 0.0079132 0.00953461 0.00412217 0.0115998 0.00747356 0.00863524 0.0153782 
0.00839967 0.00762264 0.00742701 0.00814729 0.00828336 0.00777836 0.00800937 0.00777914 0.00803128 0.00795707 0.00774884 0.00795005 0.00791812 0.0077363 0.00793341 0.00805854 0.00781082 0.00790196 0.0101242 0.00235121 0.00570963 0.0051176 0.00805421 0.0133282 
0.00817268 0.00735393 0.0100703 0.0105092 0.00640559 0.00801566 0.00792908 0.0077851 0.0079266 0.00793631 0.00768796 0.00871185 0.00907027 0.00844484 0.00798212 0.00800993 0.00778898 0.00793854 0.00780407 0.00849033 0.00783466 0.00868579 0.0077468 0.0083199 
0.00800714 0.00746375 0.00807891 0.00524381 0.00746205 0.00815265 0.00794344 0.00774393 0.00798529 0.00792348 0.00777945 0.00792389 0.0102042 0.00728551 0.00804549 0.00800946 0.00774306 0.00789191 0.00786508 0.00775997 0.00819979 0.00802083 0.00760273 0.0121272 
0.00774572 0.00774582 0.00679514 0.00598557 0.0075029 0.00800314 0.007957 0.00773311 0.00781581 0.00796125 0.00774112 0.00799411 0.00784786 0.00771767 0.00787238 0.00806641 0.00780127 0.0089403 0.0091382 0.00865693 0.00782188 0.00796741 0.00779508 0.00762058 0.0102702 0.00987495 0.0200488 
0.00915763 0.00727566 0.00961777 0.00826929 0.00687583 0.00805793 0.00795677 0.00778406 0.008104 0.00803565 0.00774673 0.00794789 0.00799723 0.00762499 0.0079611 0.00807251 0.00782562 0.00814982 0.0042699 0.00841327 0.00796065 0.00805346 0.00786423 0.00821036 0.00821278 0.00695309 -0.019655 
0.00777306 0.00735494 0.0073879 0.00764335 0.00776396 0.0080265 0.00787398 0.00769452 0.00809803 0.00793873 0.00768378 0.00809313 0.00784674 0.00771898 0.00798692 0.00789547 0.0077504 0.00862898 0.0102448 0.00802917 0.00792087 0.00801802 0.00778821 0.00808603 0.00824044 0.00893972 0.0107742 
0.00894325 0.00737945 0.00781514 0.00771488 0.00776883 0.00815136 0.00798974 0.00773595 0.00800936 0.00798848 0.00775817 0.00785416 0.00801543 0.00779386 0.00804581 0.00805092 0.0077693 0.00777169 0.0100571 0.00460683 0.00971198 0.00774689 0.00788758 0.00807389 0.00812275 0.00794033 0.00873046 
0.00732602 0.00732782 0.00757383 0.00790047 0.00754811 0.0078373 0.00817572 0.00749608 0.00797384 0.00797635 0.00779987 0.00808075 0.00802664 0.0077877 0.00774433 0.00800294 0.00784443 0.00787563 0.00906075 0.00257358 0.0141341 0.00761239 0.00796273 0.0080691 0.0081304 0.00801618 0.00891348 
0.00843258 0.00709886 0.00788782 0.00752368 0.00756315 0.00792379 0.0079008 0.00772846 0.00807717 0.00801537 0.0077804 0.00812544 0.00782825 0.00777 0.00788493 0.00806782 0.00778648 0.00786304 0.00932442 0.00744674 0.00857996 0.00788806 0.00771802 0.00808795 0.00818152 0.00795878 0.00898597 
0.00785815 0.00723792 0.00769244 0.0076066 0.00753049 0.00785554 0.00801732 0.00762515 0.00794948 0.00795077 0.0077049 0.00796077 0.00809806 0.0077456 0.00801131 0.00804366 0.00775134 0.00800152 0.00796946 0.00791897 0.00789402 0.00792327 0.00781695 0.00805134 0.00805085 0.00779148 0.00980416 
0.00767667 0.00725301 0.00794299 0.00756021 0.00766545 0.00779405 0.00798793 0.00773707 0.0080183 0.00796248 0.00781502 0.00789356 0.00802178 0.00773151 0.00806797 0.00796609 0.00773335 0.00800016 0.00804238 0.00778528 0.00808993 0.00806537 0.00783361 0.00823704 0.00802477 0.00797728 0.00937207 
0.00829063 0.00719633 0.00753349 0.00767768 0.00742563 0.00864952 0.00853361 0.00835896 0.00791802 0.00789403 0.00763531 0.00798605 0.00800754 0.00788317 0.00808516 0.00786688 0.00773295 0.00792205 0.00807588 0.0075862 0.00808414 0.0079772 0.00768189 0.00804758 0.00812708 0.00804259 0.00792209 
0.00720813 0.00728638 0.00778175 0.00772752 0.00729422 0.00895162 -0.00762345 0.00789462 0.00789637 0.0079763 0.00771027 0.0080008 0.00804954 0.00775133 0.0079635 0.00806413 0.00781081 0.00803533 0.00807734 0.00792112 0.00805069 0.00799668 0.00796809 0.00811345 0.00803941 0.00794588 0.00940689 
0.00721877 0.00689502 0.00753612 0.00760876 0.00756757 0.00842505 0.00893061 0.00822088 0.00764178 0.00811213 0.0076685 0.00817144 0.00790091 0.0078144 0.00803941 0.00795556 0.00780735 0.00810941 0.00793585 0.00792162 0.00815257 0.00808421 0.00774597 0.00813101 0.00803923 0.00792314 0.00859912 
0.00693875 0.00728895 0.00723632 0.00779501 0.00753571 0.00779277 0.00794411 0.00759304 0.00808758 0.00797161 0.00776628 0.00796181 0.00801947 0.0078767 0.00789308 0.00797014 0.00779814 0.00797684 0.00816852 0.0077077 0.00806245 0.00811793 0.00789758 0.00801182 0.00804585 0.00795735 0.00890454 
0.00584439 0.00709952 0.0076044 0.00765613 0.00734203 0.0078741 0.00791367 0.00768395 0.00796534 0.00790644 0.0077223 0.0080463 0.0079394 0.00785354 0.00793747 0.00809984 0.00779877 0.00800412 0.00795933 0.00782088 0.00797514 0.00797313 0.00781451 0.00801264 0.00795412 0.00791767 0.00891165 
0.00592558 0.00775146 0.0076116 0.00725531 0.00756683 0.00785492 0.00785758 0.00768018 0.00792563 0.007895 0.00775815 0.00792574 0.00807193 0.00776816 0.00811889 0.00774582 0.00775682 0.00792629 0.00795227 0.00774242 0.00802444 0.00817237 0.00777193 0.00801056 0.00795465 0.00808569 0.00975261 
0.00777894 0.00741785 0.00721542 0.00755637 0.00771622 0.00745703 0.00796055 0.00772156 0.00794471 0.00796534 0.00768094 0.00806583 0.00792431 0.00781405 0.00791888 0.00799934 0.00769296 0.00853065 0.00827649 0.00784021 0.00805709 0.00786329 0.00781855 0.00808515 0.00803141 0.00797317 0.00809907 
0.0141592 0.00410427 0.00924938 0.00730714 0.00752898 0.00787216 0.00797224 0.00792247 0.0080121 0.00796494 0.00781686 0.00783812 0.00793729 0.00773258 0.00803511 0.00815906 0.00772174 0.00843363 0.00723273 0.00391181 0.00879475 0.00952513 0.00799052 0.00800831 0.00795824 0.00786096 0.00956594 
0.007 0.0143833 0.00892906 0.00731222 0.00741868 0.00787552 0.00781839 0.00771127 0.00788532 0.00800924 0.00769418 0.00803049 0.00795151 0.00773832 0.0079512 0.00796951 0.00777569 0.00865107 0.0138212 0.0120541 0.00967644 0.00158595 0.00714899 0.00826469 0.00791975 0.00780869 0.00999644 
0.007 -0.00510978 0.00890421 0.00732552 0.00749756 0.00775385 0.00792982 0.00762051 0.00797526 0.00797564 0.00772587 0.00787652 0.00783533 0.00775762 0.00806184 0.00792704 0.0077245 0.00881414 0.00904332 0.00903663 0.00827495 0.00897487 0.00906628 0.00801419 0.00807085 0.0080828 0.00856313 
0.007 0.007 0.00973496 0.00721205 0.00761834 0.00774178 0.00786414 0.00769054 0.0078758 0.00795415 0.00769201 0.00782321 0.00796004 0.00775148 0.00785427 0.00805665 0.00770285 0.00791819 0.00781579 0.0077106 0.00800854 0.00780931 0.00781608 0.00807052 0.00795407 0.00777408 0.0100049 
0.007 0.007 -0.000638145 0.00870546 0.00738843 0.00783887 0.00784713 0.00777491 0.00786942 0.00791732 0.00777647 0.00810292 0.00804721 0.00775841 0.00792961 0.00796416 0.00789258 0.00805517 0.00807226 0.00785397 0.00794488 0.00810323 0.0078456 0.00801254 0.00795642 0.00784619 0.00914387 
0.007 0.007 0.00397351 0.00828626 0.0075552 0.00780864 0.00778746 0.00758245 0.00801164 0.00798226 0.00770333 0.00790945 0.00788881 0.00782685 0.00818809 0.00795574 0.00771699 0.00803337 0.00793804 0.00779182 0.00802971 0.00800678 0.00772751 0.00811638 0.0079825 0.00811396 0.00873763 
0.007 0.00546598 0.0140973 0.00714536 0.00763608 0.00773242 0.00795372 0.00776482 0.0077926 0.00904884 0.00719537 0.00895814 0.00821346 0.00768682 0.00807747 0.00786299 0.00791493 0.00790546 0.00813174 0.00783234 0.00804453 0.00822076 0.00793913 0.0079511 0.00807868 0.00788631 0.00947827 
0.0214933 0.00457399 0.00842027 0.00797586 0.00801855 0.00896868 0.00767929 0.00776529 0.00754053 0.0126349 0.00785354 0.00739592 0.00750871 0.00776205 0.0079647 0.00798543 0.00771628 0.00803972 0.00797087 0.00786952 0.00789729 0.00815157 0.00787166 0.00793603 0.00805201 0.00774386 0.00945325 
0.00765486 0.00697057 0.00976214 0.00438528 -0.015903 0.0096141 0.00792047 0.00775949 0.00780641 0.00948036 0.00797597 0.00856295 0.00842359 0.00769545 0.00793124 0.0080317 0.00772734 0.00805403 0.00806468 0.00785972 0.00803666 0.00806939 0.00783072 0.00790199 0.00814879 0.00786405 0.0106623 
0.00829242 0.00706562 0.00808264 0.00765319 0.00929153 0.00365245 0.00833794 0.00776322 0.00785565 0.00767793 0.00757637 0.00775434 0.00776912 0.00777546 0.0079724 0.00797877 0.00776866 0.00784204 0.00798719 0.00769914 0.00801051 0.00827189 0.00788394 0.00800317 0.00817483 0.00802958 0.00854273 
0.0108358 0.00703789 0.00768791 0.0076487 0.00780569 0.00749664 0.00722725 0.00776909 0.00783307 0.00801368 0.00780063 0.00871786 0.00856186 0.00765738 0.00807013 0.00811395 0.00772492 0.00912155 0.00835917 0.00817929 0.00794762 0.00806388 0.00785622 0.00804055 0.00817516 0.00798911 0.0094841 
0.00725793 0.00727435 0.00757587 0.00763122 0.00790287 0.0145881 0.00920694 0.00759264 0.007964 0.00802754 0.00762245 0.00859266 0.00743804 0.00743019 0.00795275 0.00798179 0.00779699 0.00748295 0.00798111 0.00756495 0.00812613 0.00808585 0.00785917 0.00813076 0.00806249 0.00816995 0.00803812 
0.00830216 0.00702219 0.00747503 0.00735764 0.00847705 -0.00958064 0.00812018 0.00765653 0.00781042 0.00794368 0.00754339 0.00946874 0.00828419 0.00824337 0.00793864 0.00801363 0.00782482 0.00837653 0.00893539 0.0084944 0.00793127 0.00807805 0.00797799 0.00788244 0.00833003 0.00793433 0.00883016 
0.00746243 0.00755811 0.00768305 0.0078082 0.0076865 0.000213011 0.00939555 0.00763989 0.00803554 0.00803652 0.00774384 0.00793269 0.00788631 0.00769747 0.00793582 0.00801377 0.00777682 0.008037 0.00795502 0.00771661 0.00805011 0.00815282 0.00792229 0.00810443 0.0082003 0.00789288 0.00934752 
0.004795 0.00704425 0.00697652 0.00746369 0.00676508 0.00937931 0.00839092 0.00761014 0.00805026 0.00802773 0.00775944 0.0080939 0.00797598 0.00777119 0.00797615 0.00809451 0.00775143 0.0080459 0.00812296 0.00781042 0.00794346 0.00805735 0.00775997 0.00804054 0.00799813 0.00811256 0.00868847 
0.0531287 -0.000405272 -0.00152687 0.00816232 0.00772223 0.00801949 0.00803485 0.0080262 0.00742093 0.00802693 0.00784006 0.00772397 0.00792989 0.0078277 0.00778671 0.00806554 0.0078394 0.00797622 0.00812402 0.00781288 0.00810317 0.00794434 0.0079614 0.00777325 0.00939025 0.00801886 0.00884048 
0.0560009 0.00367405 0.0104113 0.00784297 0.00773822 0.00791585 0.00790082 0.00752984 0.00369968 0.0084678 0.00771692 0.00790924 0.00795121 0.00778559 0.00792563 0.00800484 0.00771826 0.00799626 0.00813903 0.00786573 0.00798216 0.00813196 0.00747971 0.00710824 0.0100003 0.00783338 0.00915945 
0.0050522 0.0070402 0.00749935 0.00758885 0.0077206 0.0080284 0.00811118 0.00817989 0.00830832 0.00843389 0.00778271 0.00809972 0.00792131 0.00769498 0.00782933 0.00805974 0.00785723 0.00802124 0.00801428 0.00778191 0.0082566 0.00799052 0.00828849 0.00881259 0.00439132 0.006927 0.0153786 
0.00740519 0.0075141 0.00748979 0.00780571 0.00777523 0.00787856 0.00793123 0.00763655 0.00793035 0.00793547 0.00789489 0.00800596 0.00804171 0.00780055 0.00811235 0.00779845 0.00772939 0.00826477 0.00814944 0.00778802 0.00804098 0.0080699 0.00785594 0.00773158 0.0123683 0.0204105 -0.0141908 
0.0079163 0.00760673 0.00794404 0.00799796 0.00765448 0.00802207 0.00797371 0.00768902 0.00793752 0.00774822 0.00766788 0.00771777 0.00791846 0.00769516 0.00801677 0.00796296 0.00789947 0.00785384 0.00797477 0.00779755 0.00808952 0.00814629 0.00779427 0.00835871 0.00613493 0.00427438 0.0062986 
0.00751545 0.00764876 0.00773205 0.00767382 0.00770038 0.00782738 0.00789896 0.00780421 0.00777388 0.00857715 0.00777655 0.00947064 0.00779297 0.00790717 0.00782507 0.00799526 0.0076319 0.00803527 0.00813343 0.00774951 0.00812043 0.00792467 0.00793586 0.00779202 0.010643 0.0104748 0.0145131 
0.0092538 0.00748609 0.00834274 0.00781651 0.00805075 0.00802397 0.00793835 0.00769576 0.00758619 0.0125154 0.00406794 0.0120356 0.0076672 0.00775004 0.00803123 0.00801403 0.00790267 0.00802165 0.00803648 0.0077803 0.00809541 0.00834105 0.00731906 0.0125089 
0.00920831 0.00747071 0.00764537 0.00999424 0.00696714 0.00869125 0.00753216 0.00792229 0.00773121 0.00971957 0.00729453 0.00876141 0.00781693 0.00780634 0.00805933 0.00788072 0.0076679 0.0080313 0.00809944 0.00789077 0.00813278 0.00821641 0.00765556 0.0109689 
0.0106316 0.00750422 0.00859027 0.00927366 -0.0050952 -0.00219602 0.0166463 0.00855169 0.00776023 0.00773841 0.00776091 0.00792306 0.00800577 0.00780208 0.00796063 0.00917321 0.00809309 0.00801978 0.00800402 0.00775503 0.00801491 0.0078987 0.0085702 0.011388 
0.0158898 0.00709132 0.00806953 0.0077495 0.00782115 0.00731051 0.0198224 0.000729137 0.00953241 0.00776921 0.00778346 0.00788934 0.00785424 0.00784855 0.00790533 0.00795068 0.00650825 0.00784404 0.00767495 0.00773917 0.00795792 0.00801642 0.0080364 0.00962153 
0.0039385 0.00812336 0.00806032 0.00798109 0.00725727 0.0145007 0.00769397 0.00778915 0.00780488 0.00789981 0.00780445 0.00801089 0.00795259 0.0077069 0.00810638 0.00803885 0.00794043 0.00765862 0.00896172 0.00769081 0.00814483 0.00820867 0.00781835 0.00767402 
0.0116851 0.00790524 0.00779765 0.00772614 0.00851477 0.00715325 0.00687294 0.00803422 0.0079053 0.00790507 0.00775563 0.0078637 0.00801748 0.00761833 0.00801223 0.00801563 0.00786816 0.00807059 0.00796082 0.00792177 0.00825593 0.00753071 0.0103171 0.0130895 
0.00977131 0.0078288 0.00762404 0.00787524 0.00770282 0.00973946 0.00777149 0.00780966 0.00799352 0.00805488 0.00787205 0.00825305 0.00808249 0.00764083 0.00799188 0.00796437 0.00775698 0.00796292 0.00795223 0.0074965 0.0124766 
0.00788415 0.00766545 0.00795388 0.00806115 0.00765953 0.00775394 0.00786158 0.00772418 0.00787143 0.00794869 0.00763691 0.00784066 0.00794481 0.00774407 0.00800982 0.00815149 0.00783984 0.00804561 0.00802061 0.00770299 0.0102571 
0.00904077 0.00766927 0.00807506 0.0079666 0.00779679 0.00800768 0.0077944 0.00771448 0.00820776 0.00822052 0.00785334 0.00894425 0.00776248 0.00775021 0.00800889 0.00786434 0.00783287 0.00795942 0.00799807 0.00770471 0.0150923 
0.00899169 0.0077311 0.0078031 0.00805921 0.00763462 0.00791126 0.00800485 0.00792336 0.00869288 0.00720711 0.00670929 0.00693286 0.00826727 0.0077384 0.00800682 0.00790248 0.00790432 0.00794426 0.00800049 0.00790185 0.00985586 
0.00822477 0.00759965 0.0079916 0.00785928 0.00765541 0.00795749 0.00809008 0.00664798 0.00577212 0.00381724 0.00878052 0.0083147 0.00890115 0.00761113 0.00807228 0.0079507 0.00776593 0.00801421 0.00814447 0.00713664 0.00814922 
0.011 0.00778642 0.00811854 0.00787709 0.00784015 0.00797131 0.00783381 0.0088351 0.0046389 0.00879761 0.00752264 0.00792134 0.00771089 0.00775329 0.00791531 0.00808 0.00778105 0.0080989 0.00735158 0.0106748 0.0169248 
0.00986877 0.0075541 0.00794707 0.00779851 0.0078428 0.0075335 0.00953737 0.0109679 0.010151 0.00767369 0.00782873 0.00791761 0.00798289 0.00780314 0.00792954 0.00819199 0.00750612 0.0125277 
0.00734395 0.00782075 0.00796228 0.0080292 0.00781503 0.00772802 0.0115469 -0.00458873 0.0116197 0.00759103 0.0075738 0.00799181 0.00807958 0.0078 0.00806476 0.00793612 0.00776755 0.00964119 
0.0120581 0.00805973 0.00918157 0.00859629 0.00853187 0.00843318 0.011325 0.00468419 0.00920315 0.00903249 0.00954471 0.00874856 0.00908327 0.00816144 0.00936955 0.00987998 0.00837993 0.012761 
