1 1 1 1 -0.099539 1.47558 1.60222 1.19228 1.21232 1.02409 10.2227 1 
1 1 3.58575 1.69108 1.55357 1.23024 1.0936 1.09921 1.09774 1.37178 1.03653 19.658 
1 1.73116 0.826938 1.06722 1.11945 1.12318 1.14188 1.10265 1.09889 1.21507 1.12329 1.67395 
0.335183 1.2128 1.19086 1.15916 1.07588 1.14833 1.09551 1.09005 1.06697 1.25915 0.737817 1.34501 1.57344 1.54799 1.62586 1.62204 1.53528 2.93233 
1.39457 1.12841 1.15169 1.06357 1.09333 1.12205 1.14245 1.08765 1.1357 1.09227 1.12545 1.08484 1.03953 1.01293 1.03749 1.02742 0.957995 1.25782 
1.23791 1.09392 1.11035 1.39378 1.07049 1.31313 1.09832 1.09462 1.13518 1.11588 1.10077 1.15356 1.15744 1.11578 1.1601 1.1659 1.0873 1.78137 
1.63095 1.12639 1.11254 1.11828 1.08154 -0.0431014 1.20354 1.0846 1.14413 1.10651 1.11327 1.13614 1.12466 1.0924 1.10936 1.14924 1.10189 1.13053 1.06598 1.44575 2.38468 
1.1977 1.0827 1.13362 1.14359 1.06867 1.25961 1.176 1.10935 1.12612 1.13812 1.12227 1.13935 1.14366 1.11729 1.14896 1.12689 1.1036 1.14232 1.15152 1.04745 1.01916 
1.50836 1.1118 1.13065 1.12608 1.12033 1.09718 1.13793 1.10198 1.15045 1.13002 1.10094 1.12696 1.14763 1.09701 1.14668 1.13593 1.12489 1.13862 1.16312 1.12533 1.26872 
1.21074 1.10096 1.13338 1.14693 1.10598 1.14049 1.1325 1.10146 1.13478 1.13928 1.12448 1.11417 1.13123 1.10016 1.1547 1.1461 1.12068 1.12854 1.14538 1.10717 1.83202 
1.25075 1.12636 1.14735 1.13138 1.10841 1.12319 1.13777 1.12068 1.12954 1.1228 1.12661 1.15084 1.14664 1.09939 1.14903 1.1558 1.09055 1.16107 1.1527 1.10416 1.32426 
0.799055 1.06201 1.12922 1.15918 1.09363 1.15728 1.14524 1.10823 1.12829 1.15072 1.10394 1.12401 1.11647 1.1004 1.14641 1.13837 1.12978 1.12881 1.14211 1.06528 1.7425 
2.33655 0.519311 1.46797 1.09574 1.0951 1.14677 1.1179 1.11677 1.12698 1.12246 1.09966 1.14267 1.14839 1.102 1.14315 1.13419 1.10771 1.15779 1.1447 1.11842 1.10665 1.09623 1.46859 1.78319 
-0.0055788 1.03751 1.33883 1.10658 1.12239 1.1227 1.14618 1.09346 1.13192 1.14762 1.11262 1.13122 1.14854 1.10106 1.15614 1.14275 1.1226 1.13263 1.24891 1.12215 1.41688 1.1207 1.03668 1.22862 
1.87235 1.10617 1.09385 1.11328 1.06046 1.14241 1.14486 1.13617 1.15175 1.15247 1.10973 1.13128 1.12796 1.12271 1.14961 1.1323 1.12701 1.13046 1.36209 0.588881 1.65712 1.06765 1.23361 2.19689 
1.19995 1.08895 1.061 1.1639 1.18334 1.11119 1.1442 1.11131 1.14733 1.13672 1.10698 1.13572 1.13116 1.10519 1.13334 1.15122 1.11583 1.12885 1.44632 0.335887 0.815661 0.731086 1.1506 1.90403 
1.16753 1.05056 1.43862 1.50132 0.915085 1.14509 1.13273 1.11216 1.13237 1.13376 1.09828 1.24455 1.29575 1.20641 1.1403 1.14428 1.11271 1.13408 1.11487 1.2129 1.11924 1.24083 1.10669 1.18856 
1.14388 1.06625 1.15413 0.749116 1.06601 1.16466 1.13478 1.10628 1.14076 1.13193 1.11135 1.13198 1.45774 1.04079 1.14936 1.14421 1.10615 1.12742 1.12358 1.10857 1.1714 1.14583 1.0861 1.73246 
1.10653 1.10655 0.970734 0.855082 1.07184 1.14331 1.13671 1.10473 1.11654 1.13732 1.10587 1.14202 1.12112 1.10252 1.12463 1.15234 1.11447 1.27719 1.30546 1.2367 1.11741 1.1382 1.11358 1.08865 1.46717 1.41071 2.86412 
1.30823 1.03938 1.37397 1.18133 0.982262 1.15113 1.13668 1.11201 1.15771 1.14795 1.10668 1.13541 1.14246 1.08928 1.1373 1.15322 1.11795 1.16426 0.609985 1.2019 1.13724 1.15049 1.12346 1.17291 1.17325 0.993299 -2.80785 
1.11044 1.05071 1.05541 1.09191 1.10914 1.14664 1.12485 1.09922 1.15686 1.1341 1.09768 1.15616 1.12096 1.10271 1.14099 1.12792 1.1072 1.23271 1.46354 1.14702 1.13155 1.14543 1.1126 1.15515 1.17721 1.2771 1.53917 
1.27761 1.05421 1.11645 1.10213 1.10983 1.16448 1.14139 1.10514 1.14419 1.14121 1.10831 1.12202 1.14506 1.11341 1.1494 1.15013 1.1099 1.11024 1.43673 0.658119 1.38743 1.1067 1.1268 1.15341 1.16039 1.13433 1.24721 
1.04657 1.04683 1.08198 1.12864 1.0783 1.11961 1.16796 1.07087 1.13912 1.13948 1.11427 1.15439 1.14666 1.11253 1.10633 1.14328 1.12063 1.12509 1.29439 0.367655 2.01916 1.08748 1.13753 1.15273 1.16149 1.14517 1.27335 
1.20465 1.01412 1.12683 1.07481 1.08045 1.13197 1.12869 1.10407 1.15388 1.14505 1.11149 1.16078 1.11832 1.11 1.12642 1.15255 1.11235 1.12329 1.33206 1.06382 1.22571 1.12687 1.10257 1.15542 1.16879 1.13697 1.28371 
1.12259 1.03399 1.09892 1.08666 1.07578 1.12222 1.14533 1.08931 1.13564 1.13582 1.1007 1.13725 1.15687 1.10651 1.14447 1.14909 1.10733 1.14307 1.13849 1.13128 1.12772 1.1319 1.11671 1.15019 1.15012 1.11307 1.40059 
1.09667 1.03614 1.13471 1.08003 1.09506 1.11344 1.14113 1.1053 1.14547 1.1375 1.11643 1.12765 1.14597 1.1045 1.15257 1.13801 1.10476 1.14288 1.14891 1.11218 1.1557 1.1522 1.11909 1.17672 1.1464 1.13961 1.33887 
1.18438 1.02805 1.07621 1.09681 1.0608 1.23565 1.21909 1.19414 1.13115 1.12772 1.09076 1.14086 1.14393 1.12617 1.15502 1.12384 1.10471 1.13172 1.1537 1.08374 1.15488 1.1396 1.09741 1.14965 1.16101 1.14894 1.13173 
1.02973 1.04091 1.11168 1.10393 1.04203 1.2788 -1.08906 1.1278 1.12805 1.13947 1.10147 1.14297 1.14993 1.10733 1.13764 1.15202 1.11583 1.1479 1.15391 1.13159 1.1501 1.14238 1.1383 1.15906 1.14849 1.13513 1.34384 
1.03125 0.985003 1.07659 1.08697 1.08108 1.20358 1.2758 1.17441 1.09168 1.15888 1.0955 1.16735 1.1287 1.11634 1.14849 1.13651 1.11534 1.15849 1.13369 1.13166 1.16465 1.15489 1.10657 1.16157 1.14846 1.13188 1.22845 
0.99125 1.04128 1.03376 1.11357 1.07653 1.11325 1.13487 1.08472 1.15537 1.1388 1.10947 1.1374 1.14564 1.12524 1.12758 1.13859 1.11402 1.13955 1.16693 1.1011 1.15178 1.1597 1.12823 1.14455 1.14941 1.13676 1.27208 
0.834913 1.01422 1.08634 1.09373 1.04886 1.12487 1.13052 1.09771 1.13791 1.12949 1.10319 1.14947 1.1342 1.12193 1.13392 1.15712 1.11411 1.14345 1.13705 1.11727 1.13931 1.13902 1.11636 1.14466 1.1363 1.1311 1.27309 
0.846512 1.10735 1.08737 1.03647 1.08098 1.12213 1.12251 1.09717 1.13223 1.12786 1.10831 1.13225 1.15313 1.10974 1.15984 1.10655 1.10812 1.13233 1.13604 1.10606 1.14635 1.16748 1.11028 1.14437 1.13638 1.1551 1.39323 
1.11128 1.05969 1.03077 1.07948 1.10232 1.06529 1.13722 1.10308 1.13496 1.13791 1.09728 1.15226 1.13204 1.11629 1.13127 1.14276 1.09899 1.21866 1.18236 1.12003 1.15101 1.12333 1.11694 1.15502 1.14734 1.13902 1.15701 
2.02275 0.586324 1.32134 1.04388 1.07557 1.12459 1.13889 1.13178 1.14459 1.13785 1.11669 1.11973 1.1339 1.10465 1.14787 1.16558 1.10311 1.2048 1.03325 0.55883 1.25639 1.36073 1.1415 1.14404 1.13689 1.12299 1.36656 
1 2.05475 1.27558 1.0446 1.05981 1.12507 1.11691 1.10161 1.12647 1.14418 1.09917 1.14721 1.13593 1.10547 1.13589 1.1385 1.11081 1.23587 1.97445 1.72202 1.38235 0.226564 1.02128 1.18067 1.13139 1.11553 1.42806 
1 -0.729968 1.27203 1.0465 1.07108 1.10769 1.13283 1.08864 1.13932 1.13938 1.1037 1.12522 1.11933 1.10823 1.15169 1.13243 1.1035 1.25916 1.2919 1.29095 1.18214 1.28212 1.29518 1.14488 1.15298 1.15469 1.2233 
1 1 1.39071 1.03029 1.08833 1.10597 1.12345 1.09865 1.12511 1.13631 1.09886 1.1176 1.13715 1.10735 1.12204 1.15095 1.10041 1.13117 1.11654 1.10151 1.14408 1.11562 1.11658 1.15293 1.1363 1.11058 1.42928 
1 1 -0.0911635 1.24364 1.05549 1.11984 1.12102 1.1107 1.1242 1.13105 1.11092 1.15756 1.1496 1.10834 1.1328 1.13774 1.12751 1.15074 1.15318 1.122 1.13498 1.1576 1.1208 1.14465 1.13663 1.12088 1.30627 
1 1 0.567645 1.18375 1.07931 1.11552 1.11249 1.08321 1.14452 1.14032 1.10048 1.12992 1.12697 1.11812 1.16973 1.13653 1.10243 1.14762 1.13401 1.11312 1.1471 1.14383 1.10393 1.15948 1.14036 1.15914 1.24823 
1 0.780854 2.0139 1.02077 1.09087 1.10463 1.13625 1.10926 1.11323 1.29269 1.02791 1.27973 1.17335 1.09812 1.15392 1.12328 1.1307 1.12935 1.16168 1.11891 1.14922 1.17439 1.13416 1.13587 1.1541 1.12662 1.35404 
3.07048 0.653428 1.2029 1.13941 1.14551 1.28124 1.09704 1.10933 1.07722 1.80499 1.12193 1.05656 1.07267 1.10886 1.13781 1.14078 1.10233 1.14853 1.1387 1.12422 1.12818 1.16451 1.12452 1.13372 1.15029 1.10627 1.35046 
1.09355 0.995795 1.39459 0.626469 -2.27186 1.37344 1.1315 1.1085 1.1152 1.35434 1.13942 1.22328 1.20337 1.09935 1.13303 1.14739 1.10391 1.15058 1.1521 1.12282 1.14809 1.15277 1.11867 1.12886 1.16411 1.12344 1.52319 
1.18463 1.00937 1.15466 1.09331 1.32736 0.521779 1.19113 1.10903 1.12224 1.09685 1.08234 1.10776 1.10987 1.11078 1.13891 1.13982 1.10981 1.12029 1.14103 1.09988 1.14436 1.1817 1.12628 1.14331 1.16783 1.14708 1.22039 
1.54798 1.00541 1.09827 1.09267 1.1151 1.07095 1.03246 1.10987 1.11901 1.14481 1.11438 1.24541 1.22312 1.09391 1.15288 1.15914 1.10356 1.30308 1.19417 1.16847 1.13537 1.15198 1.12232 1.14865 1.16788 1.1413 1.35487 
1.03685 1.03919 1.08227 1.09017 1.12898 2.08402 1.31528 1.08466 1.13771 1.14679 1.08892 1.22752 1.06258 1.06146 1.13611 1.14026 1.11386 1.06899 1.14016 1.08071 1.16088 1.15512 1.12274 1.16154 1.15178 1.16714 1.1483 
1.18602 1.00317 1.06786 1.05109 1.21101 -1.36866 1.16003 1.09379 1.11577 1.13481 1.07763 1.35268 1.18346 1.17762 1.13409 1.1448 1.11783 1.19665 1.27648 1.21349 1.13304 1.15401 1.13971 1.12606 1.19 1.13348 1.26145 
1.06606 1.07973 1.09758 1.11546 1.09807 0.0304301 1.34222 1.09141 1.14793 1.14807 1.10626 1.13324 1.12662 1.09964 1.13369 1.14482 1.11097 1.14814 1.13643 1.10237 1.15002 1.16469 1.13176 1.15778 1.17147 1.12755 1.33536 
0.685 1.00632 0.996645 1.06624 0.966441 1.3399 1.1987 1.08716 1.15004 1.14682 1.10849 1.15627 1.13943 1.11017 1.13945 1.15636 1.10735 1.14941 1.16042 1.11577 1.13478 1.15105 1.10857 1.14865 1.14259 1.15894 1.24121 
7.58982 -0.057896 -0.218124 1.16605 1.10318 1.14564 1.14784 1.1466 1.06013 1.1467 1.12001 1.10342 1.13284 1.11824 1.11239 1.15222 1.11991 1.13946 1.16057 1.11613 1.1576 1.13491 1.13734 1.11046 1.34146 1.14555 1.26293 
8.00013 0.524864 1.48732 1.12042 1.10546 1.13084 1.12869 1.07569 0.528525 1.20969 1.10242 1.12989 1.13589 1.11223 1.13223 1.14355 1.10261 1.14232 1.16272 1.12368 1.14031 1.16171 1.06853 1.01546 1.42861 1.11905 1.30849 
0.721743 1.00574 1.07134 1.08412 1.10294 1.14691 1.15874 1.16856 1.1869 1.20484 1.11182 1.1571 1.13162 1.09928 1.11848 1.15139 1.12246 1.14589 1.1449 1.1117 1.17951 1.1415 1.18407 1.25894 0.627332 0.989572 2.19695 
1.05788 1.07344 1.06997 1.1151 1.11075 1.12551 1.13303 1.09094 1.13291 1.13364 1.12784 1.14371 1.14882 1.11436 1.15891 1.11406 1.1042 1.18068 1.16421 1.11257 1.14871 1.15284 1.12228 1.10451 1.7669 2.91579 -2.02726 
1.1309 1.08668 1.13486 1.14257 1.0935 1.14601 1.1391 1.09843 1.13393 1.10689 1.09541 1.10254 1.13121 1.09931 1.14525 1.13757 1.1285 1.12198 1.13925 1.11394 1.15565 1.16376 1.11347 1.1941 0.876418 0.610625 0.899799 
1.07364 1.09268 1.10458 1.09626 1.10005 1.1182 1.12842 1.11489 1.11055 1.22531 1.11094 1.35295 1.11328 1.1296 1.11787 1.14218 1.09027 1.1479 1.16192 1.10707 1.16006 1.1321 1.13369 1.11315 1.52043 1.4964 2.07331 
1.32197 1.06944 1.19182 1.11664 1.15011 1.14628 1.13405 1.09939 1.08374 1.78791 0.581135 1.71937 1.09531 1.10715 1.14732 1.14486 1.12895 1.14595 1.14807 1.11147 1.15649 1.19158 1.04558 1.78699 
1.31547 1.06724 1.0922 1.42775 0.995306 1.24161 1.07602 1.13176 1.10446 1.38851 1.04208 1.25163 1.1167 1.11519 1.15133 1.12582 1.09541 1.14733 1.15706 1.12725 1.16183 1.17377 1.09365 1.56699 
1.5188 1.07203 1.22718 1.32481 -0.727886 -0.313717 2.37804 1.22167 1.1086 1.10549 1.1087 1.13187 1.14368 1.11458 1.13723 1.31046 1.15616 1.14568 1.14343 1.10786 1.14499 1.12839 1.22431 1.62686 
2.26998 1.01305 1.15279 1.10707 1.11731 1.04436 2.83176 0.104162 1.36177 1.10989 1.11192 1.12705 1.12203 1.12122 1.12933 1.13581 0.92975 1.12058 1.09642 1.1056 1.13685 1.1452 1.14806 1.3745 
0.562642 1.16048 1.15147 1.14016 1.03675 2.07153 1.09914 1.11274 1.11498 1.12854 1.11492 1.14441 1.13608 1.10099 1.15805 1.14841 1.13435 1.09409 1.28025 1.09869 1.16355 1.17267 1.11691 1.09629 
1.66929 1.12932 1.11395 1.10373 1.2164 1.02189 0.981849 1.14775 1.12933 1.1293 1.10795 1.12339 1.14535 1.08833 1.1446 1.14509 1.12402 1.15294 1.13726 1.13168 1.17942 1.07582 1.47387 1.86993 
1.3959 1.1184 1.08915 1.12503 1.1004 1.39135 1.11021 1.11567 1.14193 1.1507 1.12458 1.17901 1.15464 1.09155 1.1417 1.13777 1.10814 1.13756 1.13603 1.07093 1.78238 
1.12631 1.09506 1.13627 1.15159 1.09422 1.10771 1.12308 1.10345 1.12449 1.13553 1.09099 1.12009 1.13497 1.1063 1.14426 1.1645 1.11998 1.14937 1.1458 1.10043 1.4653 
1.29154 1.09561 1.15358 1.13809 1.11383 1.14395 1.11349 1.10207 1.17254 1.17436 1.12191 1.27775 1.10893 1.10717 1.14413 1.12348 1.11898 1.13706 1.14258 1.10067 2.15604 
1.28453 1.10444 1.11473 1.15132 1.09066 1.13018 1.14355 1.13191 1.24184 1.02959 0.95847 0.990408 1.18104 1.10549 1.14383 1.12893 1.12919 1.13489 1.14293 1.12884 1.40798 
1.17497 1.08566 1.14166 1.12275 1.09363 1.13678 1.15573 0.949712 0.824589 0.54532 1.25436 1.18781 1.27159 1.0873 1.15318 1.13581 1.10942 1.14489 1.1635 1.01952 1.16417 
1.57143 1.11235 1.15979 1.1253 1.12002 1.13876 1.11912 1.26216 0.6627 1.2568 1.07466 1.13162 1.10156 1.10761 1.13076 1.15429 1.11158 1.15699 1.05023 1.52497 2.41784 
1.40982 1.07916 1.1353 1.11407 1.1204 1.07621 1.36248 1.56684 1.45014 1.09624 1.11839 1.13109 1.14041 1.11473 1.13279 1.17028 1.0723 1.78967 
1.04914 1.11725 1.13747 1.14703 1.11643 1.104 1.64956 -0.655533 1.65996 1.08443 1.08197 1.14169 1.15423 1.11429 1.15211 1.13373 1.10965 1.37731 
1.72259 1.15139 1.31165 1.22804 1.21884 1.20474 1.61785 0.66917 1.31474 1.29036 1.36353 1.24979 1.29761 1.16592 1.33851 1.41143 1.19713 1.823 
