1 1 1 1 -0.0437526 1.47415 1.59116 1.21546 1.21446 1.45678 1.10288 1.90871 
1 1 3.58759 1.67848 1.54971 1.22826 1.09451 1.09281 1.14087 1.09894 1.06167 1.78509 
1 1.73839 0.793763 1.07239 1.12227 1.12351 1.14358 1.09984 1.12019 1.14013 1.03495 1.72797 
0.328549 1.21737 1.18867 1.15157 1.07607 1.14221 1.09708 1.08819 1.12089 1.10787 0.993614 1.50004 1.58299 1.54574 1.6261 1.62202 1.53528 2.93231 
1.40546 1.12469 1.15598 1.08918 1.09308 1.14435 1.13896 1.09007 1.12735 1.13192 1.11024 1.04954 1.03219 1.01335 1.03738 1.02742 0.957995 1.25783 
1.24309 1.08938 1.1312 1.14608 1.08924 1.11523 1.12048 1.09161 1.13887 1.11382 1.1025 1.15965 1.16067 1.11558 1.16016 1.1659 1.0873 1.78137 
1.63355 1.1255 1.11263 1.11867 1.0882 1.13776 1.11552 1.09021 1.1436 1.10677 1.11286 1.1356 1.12298 1.09183 1.10937 1.14924 1.10189 1.13053 1.06598 1.44575 2.38473 
1.19764 1.08236 1.13428 1.1337 1.11213 1.14231 1.16024 1.10909 1.12593 1.13798 1.12231 1.13942 1.14403 1.11747 1.14896 1.12689 1.1036 1.14232 1.15151 1.04746 1.01895 
1.50726 1.11238 1.13093 1.12716 1.11099 1.10577 1.14158 1.10319 1.15026 1.13004 1.10094 1.12695 1.14755 1.09697 1.14667 1.13593 1.12489 1.13862 1.16314 1.1253 1.26924 
1.20684 1.09977 1.13323 1.14862 1.1043 1.13912 1.13226 1.10163 1.13478 1.13927 1.12448 1.11418 1.13124 1.10016 1.1547 1.14609 1.12068 1.12849 1.14535 1.10697 1.83106 
1.21693 1.12795 1.14602 1.13136 1.10859 1.12364 1.13776 1.12066 1.12952 1.1228 1.12661 1.15083 1.14664 1.09938 1.14903 1.15578 1.0905 1.16145 1.15275 1.10504 1.32681 
1.277 1.07507 1.1268 1.15986 1.09351 1.15718 1.14524 1.10823 1.12829 1.15072 1.10395 1.12402 1.1165 1.10042 1.14641 1.13836 1.12998 1.1273 1.14229 1.06125 1.73565 
1.85357 1.04971 1.11196 1.1294 1.09235 1.14748 1.11792 1.11676 1.127 1.12246 1.09967 1.14266 1.14831 1.1019 1.14302 1.1342 1.10785 1.15698 1.15486 1.12032 1.13387 1.09924 1.4653 1.79827 
0.724528 1.08686 1.09592 1.1415 1.11666 1.12216 1.14571 1.09365 1.13188 1.14762 1.1126 1.13122 1.14888 1.10163 1.15686 1.14313 1.12049 1.15012 1.13631 1.10919 1.16546 1.14491 1.05289 1.23481 
1.78475 1.0767 1.11696 1.11103 1.06645 1.1539 1.14898 1.1353 1.15188 1.15248 1.10977 1.13149 1.12625 1.11974 1.14736 1.13205 1.12476 1.14972 1.14774 1.10701 1.12882 1.1565 1.1314 1.46896 
1.22243 1.08366 1.12559 1.13167 1.1017 1.11826 1.14365 1.11134 1.14741 1.13671 1.10719 1.15344 1.15312 1.11679 1.1347 1.14996 1.12237 1.15906 1.15268 1.11323 1.15776 1.11905 1.18946 1.87298 
1.1035 1.07824 1.12143 1.15337 1.10747 1.13047 1.13343 1.1121 1.13251 1.13286 1.10813 1.11263 1.13844 1.10375 1.15003 1.14413 1.11205 1.13264 1.13281 1.11613 1.15507 1.16586 1.10544 1.16936 
1.15435 1.07355 1.1201 1.12122 1.10675 1.14951 1.13684 1.10609 1.14081 1.13133 1.1181 1.12491 1.14701 1.10519 1.14933 1.14397 1.10628 1.14242 1.13581 1.12666 1.16598 1.14565 1.08747 1.73225 
1.13571 1.0891 1.12592 1.1109 1.10994 1.13654 1.13705 1.10459 1.11656 1.13715 1.10685 1.12806 1.13962 1.11483 1.12453 1.15107 1.12906 1.13259 1.16298 1.11821 1.1299 1.13817 1.11338 1.08915 1.46406 1.38707 2.11105 
1.25793 1.064 1.12293 1.11037 1.08992 1.14065 1.13741 1.11189 1.15781 1.14806 1.10671 1.13823 1.14445 1.09143 1.13709 1.15213 1.12403 1.14863 1.13187 1.1063 1.14586 1.14936 1.12342 1.17358 1.14391 1.12221 0.986361 
1.12051 1.04905 1.08915 1.10167 1.09825 1.14542 1.12481 1.0992 1.15684 1.13411 1.09759 1.15585 1.12066 1.10229 1.14112 1.12758 1.11448 1.14986 1.13932 1.11709 1.14871 1.14778 1.11234 1.15457 1.18038 1.15224 1.38044 
1.26968 1.05552 1.11177 1.10123 1.11093 1.16457 1.14134 1.1051 1.14422 1.1412 1.10833 1.12202 1.14514 1.11344 1.14939 1.15044 1.10754 1.15822 1.15124 1.13081 1.14836 1.13355 1.12472 1.15347 1.16509 1.12461 1.22435 
1.05728 1.046 1.08263 1.12884 1.07804 1.11958 1.16796 1.07088 1.13911 1.13948 1.11426 1.15438 1.14669 1.11253 1.10626 1.14382 1.11851 1.14359 1.13878 1.10705 1.14824 1.1514 1.13123 1.15322 1.16183 1.14611 1.27879 
1.20256 1.01416 1.12674 1.07467 1.08062 1.13224 1.12851 1.10419 1.15392 1.14505 1.11149 1.16078 1.11831 1.11 1.12638 1.1529 1.11052 1.14318 1.15079 1.1115 1.1462 1.15467 1.10002 1.15605 1.16872 1.1372 1.27977 
1.12283 1.03384 1.09886 1.08654 1.07577 1.12117 1.145 1.08891 1.13569 1.13587 1.1007 1.13726 1.15686 1.10652 1.14445 1.14918 1.10724 1.14394 1.15095 1.13203 1.13887 1.13105 1.11653 1.15044 1.1501 1.11318 1.40056 
1.09707 1.03608 1.13458 1.08007 1.09526 1.1216 1.14028 1.1081 1.1459 1.13754 1.11644 1.12766 1.14597 1.1045 1.15256 1.13801 1.10483 1.14316 1.14794 1.11169 1.15502 1.15243 1.11901 1.17669 1.1464 1.13961 1.33893 
1.1845 1.02794 1.07656 1.09555 1.06696 1.12506 1.14566 1.10668 1.13233 1.12779 1.09077 1.14087 1.14393 1.12617 1.15502 1.12382 1.10474 1.13173 1.15383 1.08376 1.15505 1.13954 1.09745 1.14964 1.16101 1.14894 1.13171 
1.02987 1.04086 1.11168 1.10389 1.0462 1.15381 1.14003 1.09518 1.12249 1.13958 1.10155 1.14297 1.14993 1.10733 1.13764 1.15203 1.11582 1.14792 1.15389 1.13157 1.15009 1.14238 1.13829 1.15907 1.14849 1.13513 1.34384 
1.0316 0.984968 1.07668 1.08615 1.08636 1.09773 1.13585 1.11148 1.09485 1.15844 1.09557 1.16734 1.1287 1.11634 1.14849 1.13651 1.11532 1.15848 1.1337 1.13164 1.16466 1.1549 1.10657 1.16157 1.14846 1.13188 1.22843 
0.990752 1.04146 1.03379 1.11348 1.0771 1.12359 1.1401 1.08776 1.15614 1.13868 1.10948 1.1374 1.14564 1.12524 1.12758 1.13857 1.11415 1.13958 1.16699 1.10112 1.1518 1.15964 1.12822 1.14454 1.1494 1.13676 1.27208 
0.835923 1.01371 1.08658 1.09362 1.04904 1.12417 1.12907 1.09716 1.13778 1.12957 1.10319 1.14947 1.1342 1.12193 1.13392 1.15717 1.11402 1.14283 1.13645 1.11684 1.13934 1.13923 1.1165 1.14472 1.1363 1.13106 1.27319 
0.850692 1.10676 1.08579 1.03681 1.08098 1.12227 1.12273 1.09722 1.13231 1.12787 1.10831 1.13225 1.15313 1.10976 1.15979 1.10651 1.10834 1.13893 1.14278 1.10784 1.14543 1.1667 1.10949 1.14418 1.13646 1.15507 1.39324 
1.16311 1.05301 1.03832 1.08037 1.10233 1.06536 1.13719 1.10307 1.13495 1.1379 1.09728 1.15226 1.13204 1.11627 1.13136 1.14195 1.10812 1.15211 1.13343 1.10116 1.15756 1.13415 1.12187 1.1552 1.14727 1.13901 1.15705 
1.06677 0.995296 1.08489 1.06948 1.07328 1.12482 1.13886 1.1318 1.14459 1.13785 1.11669 1.11973 1.1339 1.10466 1.14783 1.16574 1.10885 1.15314 1.14513 1.13394 1.1388 1.15766 1.13228 1.14633 1.13666 1.12308 1.36623 
1.23556 0.987112 1.08633 1.07393 1.05704 1.12567 1.11683 1.1016 1.12647 1.14418 1.09917 1.14722 1.13594 1.10548 1.13613 1.13744 1.12413 1.13309 1.1617 1.12289 1.16137 1.15164 1.11313 1.17448 1.13188 1.11541 1.42811 
0.89404 1.06064 1.09484 1.06855 1.06636 1.10802 1.13284 1.08867 1.13933 1.13935 1.10369 1.12519 1.1193 1.1082 1.15169 1.132 1.11562 1.147 1.14076 1.11018 1.12573 1.1356 1.12425 1.15514 1.15171 1.15472 1.22333 
0.927549 1.01709 1.0793 1.07088 1.08231 1.10704 1.12332 1.09858 1.12508 1.13644 1.09879 1.11778 1.13735 1.10745 1.12204 1.15085 1.10125 1.14803 1.13876 1.12532 1.15591 1.12842 1.13136 1.15466 1.13608 1.11065 1.42916 
0.938966 1.06059 1.0691 1.08284 1.06558 1.11883 1.12123 1.11114 1.12428 1.1302 1.11045 1.15648 1.14809 1.10827 1.13278 1.13776 1.12779 1.14954 1.15131 1.11989 1.13364 1.15643 1.11904 1.14457 1.13663 1.12087 1.30642 
1.25496 1.01337 1.04415 1.10902 1.08327 1.11288 1.11202 1.08356 1.1448 1.15329 1.10393 1.14237 1.13858 1.11823 1.16971 1.13649 1.10244 1.14765 1.13413 1.11355 1.14726 1.14406 1.10409 1.15952 1.14037 1.15912 1.24824 
0.92088 1.03236 1.05455 1.0832 1.07538 1.11762 1.13694 1.10776 1.13836 1.14086 1.08358 1.14239 1.128 1.10072 1.15358 1.12331 1.13068 1.12936 1.16158 1.1188 1.14921 1.17438 1.13412 1.13587 1.15412 1.12661 1.35406 
0.995157 1.04947 1.06576 1.06622 1.07208 1.11656 1.12001 1.10221 1.13007 1.12912 1.1059 1.14765 1.12425 1.10604 1.13805 1.14068 1.10238 1.14882 1.13888 1.1244 1.12816 1.16452 1.12453 1.13372 1.15028 1.10627 1.35046 
1.15543 1.03038 1.0167 1.1125 1.0864 1.14666 1.11468 1.10578 1.14402 1.13854 1.10003 1.13224 1.15809 1.10222 1.13243 1.14739 1.10355 1.14895 1.15097 1.12228 1.1481 1.15277 1.11864 1.12886 1.16411 1.12344 1.52319 
1.09616 1.02755 1.09393 1.10205 1.05464 1.13779 1.1185 1.11531 1.12348 1.11917 1.09241 1.12873 1.12228 1.11376 1.13945 1.13947 1.11256 1.13623 1.15065 1.10461 1.14428 1.18166 1.12644 1.14328 1.16784 1.14708 1.2204 
1.54862 1.00792 1.09961 1.09297 1.06462 1.12055 1.14403 1.10368 1.12006 1.14143 1.12101 1.14966 1.14861 1.09359 1.15257 1.15887 1.11482 1.13922 1.14724 1.13845 1.13744 1.15191 1.12224 1.14867 1.16788 1.1413 1.35485 
1.03232 1.03777 1.08236 1.09121 1.09767 1.12456 1.12488 1.0975 1.13647 1.14694 1.09927 1.14682 1.13911 1.10096 1.13434 1.14002 1.11268 1.14342 1.14718 1.11242 1.16106 1.15512 1.1229 1.16152 1.15175 1.16712 1.14839 
1.21059 1.0101 1.06484 1.06428 1.06186 1.11586 1.14233 1.09053 1.11509 1.1331 1.09308 1.14547 1.14227 1.12183 1.13894 1.14443 1.12298 1.13893 1.1413 1.12015 1.13971 1.15353 1.13965 1.12611 1.1902 1.13358 1.26093 
0.991466 1.07281 1.08683 1.09842 1.07613 1.14358 1.13018 1.10627 1.14621 1.1479 1.10737 1.14729 1.13238 1.11103 1.13403 1.14438 1.11148 1.15622 1.1498 1.11038 1.15135 1.1646 1.13182 1.15756 1.16969 1.1276 1.33774 
1.22068 1.0314 1.09096 1.0933 1.09335 1.11276 1.13619 1.09811 1.14014 1.14946 1.10862 1.15487 1.13898 1.10857 1.13936 1.15656 1.10727 1.14862 1.15883 1.11522 1.13448 1.15057 1.10787 1.14778 1.15934 1.16244 1.22896 
1.11786 1.06398 1.08268 1.12111 1.08586 1.16553 1.1518 1.09755 1.13686 1.13304 1.12007 1.10377 1.13308 1.11839 1.1124 1.15219 1.11994 1.13962 1.16087 1.11626 1.15676 1.14101 1.12116 1.19484 1.18313 1.15387 1.23829 
1.10781 1.04605 1.11661 1.0964 1.11011 1.12732 1.13151 1.08486 1.12008 1.14211 1.10734 1.12938 1.13591 1.1122 1.13223 1.14354 1.10259 1.14233 1.16266 1.12349 1.14074 1.15766 1.11466 1.13966 1.18382 1.13413 1.40263 
1.17184 1.06235 1.09707 1.08898 1.1041 1.14661 1.16264 1.08184 1.15239 1.14122 1.11562 1.15749 1.13191 1.09927 1.11847 1.15139 1.12246 1.14589 1.14491 1.11174 1.17881 1.15084 1.11137 1.15665 1.16251 1.15778 1.26049 
1.04997 1.07422 1.06938 1.11396 1.11072 1.12501 1.13553 1.09639 1.13732 1.13639 1.12611 1.13947 1.14813 1.11444 1.15891 1.11409 1.10421 1.18068 1.16419 1.11265 1.14864 1.15223 1.12673 1.15587 1.2055 1.1489 1.2485 
1.11099 1.0903 1.13239 1.14246 1.09306 1.14624 1.13883 1.0984 1.13392 1.12444 1.10353 1.13755 1.13415 1.0993 1.14519 1.1375 1.12844 1.12197 1.13926 1.11394 1.15567 1.16384 1.11297 1.18445 1.10383 1.10183 1.17928 
1.08258 1.09123 1.11873 1.09649 1.10545 1.11695 1.12915 1.11165 1.12825 1.13725 1.08999 1.14132 1.15157 1.12576 1.1187 1.14245 1.09058 1.1479 1.1619 1.10709 1.16005 1.1319 1.13354 1.11304 1.49299 1.44615 1.96693 
1.31464 1.07393 1.13884 1.14124 1.09 1.162 1.13093 1.10301 1.13721 1.13593 1.1187 1.14621 1.14613 1.10267 1.14707 1.1416 1.12767 1.14585 1.14802 1.11152 1.15649 1.19161 1.04472 1.79576 
1.30021 1.07573 1.13428 1.11488 1.10199 1.11582 1.14581 1.10069 1.14574 1.15224 1.08832 1.15626 1.13643 1.11316 1.15354 1.14986 1.10488 1.14854 1.15742 1.12716 1.16183 1.17379 1.09334 1.57037 
1.51021 1.07593 1.13141 1.1162 1.11755 1.12598 1.1362 1.11275 1.12167 1.12756 1.11266 1.14478 1.14255 1.11383 1.14284 1.14085 1.10801 1.14192 1.14337 1.10783 1.14501 1.12838 1.22431 1.6262 
2.27123 1.01389 1.15328 1.11795 1.13309 1.13759 1.13381 1.1073 1.12874 1.13798 1.10469 1.12591 1.12 1.1206 1.13029 1.12121 1.12985 1.14401 1.14712 1.10467 1.13678 1.14521 1.14801 1.37459 
0.560661 1.16048 1.1516 1.1378 1.09078 1.13239 1.1186 1.10285 1.13222 1.12621 1.11643 1.14478 1.13598 1.10103 1.15744 1.1522 1.10103 1.14087 1.13882 1.10738 1.16319 1.17266 1.11692 1.09628 
1.66972 1.12943 1.11345 1.11264 1.13305 1.11194 1.14325 1.11224 1.12786 1.12979 1.10774 1.1237 1.14648 1.08843 1.14435 1.14535 1.1228 1.15108 1.15363 1.13176 1.17859 1.0759 1.47384 1.86996 
1.39485 1.11786 1.0927 1.13124 1.10117 1.13505 1.1428 1.11261 1.14175 1.14957 1.12263 1.17416 1.15416 1.09168 1.14158 1.1379 1.10832 1.13441 1.13598 1.0711 1.78288 
1.12717 1.09497 1.13509 1.15135 1.10176 1.12887 1.11888 1.10006 1.12742 1.14106 1.09936 1.14578 1.13665 1.10591 1.14432 1.1645 1.11992 1.15009 1.14589 1.10041 1.46478 
1.29118 1.09579 1.15386 1.13759 1.11302 1.13946 1.11947 1.11835 1.14913 1.14387 1.0912 1.13351 1.12481 1.10594 1.14425 1.12345 1.11901 1.13691 1.14255 1.10065 2.1564 
1.28457 1.10447 1.11469 1.15128 1.09075 1.13035 1.14377 1.10104 1.13634 1.1314 1.10055 1.13076 1.15669 1.10984 1.14346 1.12893 1.12919 1.13489 1.14296 1.12883 1.40802 
1.17493 1.08566 1.14166 1.12275 1.09369 1.1373 1.14435 1.11569 1.13514 1.13975 1.1266 1.12239 1.14057 1.09626 1.15228 1.13595 1.1094 1.14489 1.16349 1.01952 1.16417 
1.57143 1.11236 1.15979 1.12532 1.12004 1.13922 1.13006 1.07719 1.13613 1.15429 1.0965 1.1377 1.11945 1.10761 1.13082 1.15435 1.11157 1.15699 1.05023 1.52497 2.41784 
1.40979 1.07917 1.13523 1.11464 1.11734 1.09919 1.12338 1.11748 1.11806 1.13482 1.11315 1.12797 1.14036 1.11453 1.13277 1.17029 1.0723 1.78966 
1.04917 1.11721 1.13753 1.14725 1.11778 1.14224 1.14258 1.10661 1.1581 1.13166 1.08021 1.14331 1.15433 1.11439 1.15212 1.13373 1.10965 1.37732 
1.72248 1.15171 1.31052 1.23366 1.17822 1.3006 1.10721 1.25059 1.22045 1.27747 1.35949 1.24874 1.29682 1.16577 1.33848 1.41143 1.19713 1.823 
