0 0.007 0.007 0.007 -0.000306268 0.0103191 0.0111381 0.00850823 0.00850123 0.0101975 0.00772016 0.013361 
0.007 0.007 0.0251132 0.0117494 0.010848 0.00859785 0.00766156 0.00764969 0.0079861 0.00769257 0.0074317 0.0124956 
0.007 0.0121688 0.00555634 0.00750673 0.00785589 0.0078646 0.00800505 0.00769885 0.00784134 0.00798089 0.00724465 0.0120958 
0.00229985 0.00852159 0.0083207 0.00806098 0.00753252 0.0079955 0.00767954 0.00761735 0.00784624 0.00775509 0.0069553 0.0105003 0.0110809 0.0108202 0.0113827 0.0113541 0.010747 0.0205261 
0.00983822 0.00787285 0.00809184 0.00762429 0.00765156 0.00801048 0.00797271 0.00763046 0.00789148 0.00792341 0.00777166 0.00734679 0.00722536 0.00709343 0.00726166 0.00719195 0.00670597 0.00880478 
0.00870164 0.00762565 0.00791841 0.00802258 0.00762465 0.00780663 0.00784339 0.00764125 0.00797206 0.00779672 0.0077175 0.00811757 0.00812466 0.00780907 0.00812109 0.00816127 0.00761108 0.0124696 
0.0114349 0.00787852 0.00778838 0.00783071 0.00761738 0.00796435 0.00780863 0.00763148 0.00800521 0.00774742 0.00779 0.00794923 0.00786083 0.0076428 0.00776562 0.00804469 0.00771322 0.00791373 0.00746184 0.0101203 0.0166931 
0.00838345 0.00757653 0.00793997 0.0079359 0.00778492 0.0079962 0.0081217 0.00776362 0.00788148 0.00796588 0.00785615 0.00797591 0.00800823 0.00782231 0.00804271 0.00788823 0.0077252 0.00799622 0.0080606 0.00733222 0.00713264 
0.0105508 0.00778665 0.00791654 0.00789012 0.00777692 0.00774038 0.00799107 0.0077223 0.00805182 0.00791026 0.00770657 0.00788865 0.00803283 0.00767881 0.0080267 0.0079515 0.00787422 0.00797036 0.00814197 0.00787707 0.00888466 
0.00844789 0.00769838 0.00793264 0.00804037 0.00773008 0.00797387 0.00792585 0.00771138 0.00794348 0.00797492 0.00787138 0.00779928 0.0079187 0.00770114 0.00808293 0.00802264 0.00784477 0.00789941 0.00801743 0.00774877 0.0128174 
0.00851851 0.00789566 0.00802212 0.00791954 0.00776011 0.0078655 0.00796433 0.00784464 0.00790667 0.00785958 0.00788627 0.00805582 0.00802645 0.00769569 0.00804318 0.00809045 0.00763353 0.00813018 0.00806925 0.00773529 0.00928768 
0.00893899 0.00752552 0.00788758 0.00811901 0.00765459 0.00810025 0.0080167 0.00775758 0.00789804 0.00805503 0.00772762 0.00786817 0.00781549 0.00770295 0.00802484 0.00796854 0.00790984 0.00789113 0.00799603 0.00742878 0.0121496 
0.012975 0.007348 0.00778373 0.00790581 0.00764645 0.00803238 0.00782547 0.00781733 0.007889 0.0078572 0.00769767 0.00799865 0.00803816 0.00771327 0.00800112 0.00793942 0.00775498 0.00809884 0.00808402 0.00784227 0.00793709 0.00769471 0.0102571 0.0125879 
0.0050717 0.00760799 0.00767144 0.00799052 0.00781663 0.00785514 0.00801998 0.00765557 0.00792313 0.00803336 0.0077882 0.00791851 0.00804216 0.00771138 0.00809802 0.00800191 0.00784342 0.00805086 0.00795419 0.00776431 0.0081582 0.00801437 0.00737024 0.00864367 
0.0124933 0.00753688 0.00781874 0.00777723 0.00746515 0.00807728 0.00804284 0.00794707 0.00806318 0.00806733 0.0077684 0.00792041 0.00788373 0.00783817 0.0080315 0.00792435 0.0078733 0.00804807 0.00803419 0.0077491 0.00790175 0.00809551 0.00791977 0.0102827 
0.00855704 0.00758565 0.00787914 0.00792167 0.00771192 0.00782785 0.00800556 0.00777937 0.0080319 0.00795694 0.00775031 0.00807405 0.00807181 0.00781753 0.00794292 0.00804975 0.00785661 0.00811339 0.00806877 0.00779259 0.00810434 0.00783336 0.00832621 0.0131108 
0.0077245 0.00754771 0.00784998 0.00807356 0.0077523 0.00791329 0.00793399 0.0077847 0.00792756 0.00793003 0.00775689 0.00778843 0.00796909 0.00772622 0.00805024 0.00800894 0.00778437 0.00792845 0.00792968 0.00781288 0.00808551 0.008161 0.00773807 0.0081855 
0.00808044 0.00751488 0.00784068 0.00784856 0.00774728 0.00804657 0.00795785 0.00774263 0.00798568 0.00791929 0.00782673 0.0078744 0.00802908 0.0077363 0.0080453 0.00800778 0.00774398 0.00799694 0.00795069 0.00788661 0.00816185 0.00801958 0.00761227 0.0121257 
0.00794999 0.0076237 0.00788144 0.00777627 0.00776959 0.00795577 0.00795937 0.00773214 0.00781595 0.00796004 0.00774792 0.00789644 0.00797731 0.00780384 0.00787168 0.0080575 0.00790345 0.00792811 0.00814084 0.00782744 0.00790932 0.0079672 0.00779366 0.00762402 0.0102484 0.00970947 0.0147773 
0.00880553 0.00744803 0.00786048 0.00777259 0.00762947 0.00798457 0.00796186 0.00778324 0.00810466 0.00803639 0.00774697 0.00796759 0.00801115 0.00764001 0.00795965 0.00806494 0.00786824 0.0080404 0.00792306 0.00774407 0.00802102 0.00804555 0.00786393 0.00821504 0.00800735 0.0078555 0.00690453 
0.00784359 0.00734333 0.00762402 0.00771167 0.00768776 0.00801796 0.00787367 0.0076944 0.00809791 0.0079388 0.0076831 0.00809095 0.0078446 0.00771602 0.00798784 0.00789309 0.00780135 0.00804901 0.00797522 0.00781963 0.00804098 0.00803443 0.00778637 0.00808197 0.00826265 0.0080657 0.00966306 
0.00888773 0.00738866 0.00778242 0.00770859 0.00777653 0.00815197 0.00798939 0.00773567 0.00800957 0.00798839 0.00775828 0.00785417 0.00801597 0.00779406 0.00804573 0.00805307 0.00775281 0.00810751 0.00805867 0.00791564 0.00803849 0.00793487 0.00787304 0.00807428 0.00815562 0.00787227 0.00857047 
0.00740093 0.00732199 0.0075784 0.00790187 0.00754631 0.00783709 0.00817571 0.00749613 0.00797377 0.00797637 0.00779983 0.00808065 0.00802682 0.00778772 0.00774384 0.00800671 0.0078296 0.00800514 0.00797143 0.00774935 0.00803765 0.00805979 0.0079186 0.00807253 0.00813284 0.00802274 0.00895154 
0.00841794 0.00709909 0.00788717 0.00752271 0.00756434 0.00792567 0.00789958 0.00772931 0.00807742 0.00801536 0.00778041 0.00812546 0.00782819 0.00777001 0.00788463 0.00807027 0.00777367 0.00800223 0.00805554 0.00778053 0.00802342 0.00808272 0.00770014 0.00809233 0.00818104 0.00796039 0.00895837 
0.00785982 0.00723691 0.00769203 0.00760575 0.00753036 0.0078482 0.00801503 0.0076224 0.0079498 0.00795106 0.00770487 0.00796079 0.00809805 0.00774562 0.00801117 0.00804425 0.00775067 0.00800757 0.00805662 0.0079242 0.00797212 0.00791734 0.00781574 0.0080531 0.00805067 0.00779223 0.00980389 
0.00767951 0.00725254 0.00794208 0.00756051 0.00766684 0.00785121 0.00798196 0.00775673 0.00802128 0.0079628 0.00781509 0.00789365 0.00802177 0.00773152 0.00806795 0.00796607 0.00773382 0.00800212 0.00803559 0.00778181 0.00808513 0.00806698 0.00783304 0.00823685 0.00802477 0.00797727 0.00937254 
0.00829151 0.00719555 0.00753592 0.00766885 0.00746873 0.00787539 0.00801965 0.00774677 0.00792628 0.00789453 0.00763538 0.0079861 0.00800754 0.00788317 0.00808517 0.00786676 0.0077332 0.00792209 0.00807678 0.00758635 0.00808537 0.00797678 0.00768217 0.00804751 0.00812708 0.00804258 0.007922 
0.00720908 0.00728601 0.00778177 0.00772726 0.00732339 0.00807669 0.0079802 0.00766624 0.00785743 0.00797703 0.00771082 0.00800079 0.00804954 0.00775133 0.00796348 0.00806421 0.00781072 0.00803543 0.00807724 0.00792102 0.00805061 0.00799666 0.00796804 0.00811347 0.00803941 0.00794588 0.00940689 
0.0072212 0.00689477 0.00753676 0.00760305 0.00760451 0.00768409 0.00795095 0.00778038 0.00766393 0.0081091 0.00766902 0.00817139 0.00790091 0.0078144 0.00803942 0.00795554 0.00780725 0.00810934 0.00793589 0.00792151 0.00815263 0.00808427 0.00774599 0.00813102 0.00803924 0.00792315 0.00859904 
0.00693527 0.00729019 0.00723654 0.00779437 0.0075397 0.00786516 0.00798071 0.00761429 0.00809296 0.00797076 0.00776639 0.00796178 0.00801947 0.0078767 0.00789308 0.00796997 0.00779903 0.00797708 0.00816893 0.00770781 0.00806257 0.00811745 0.00789755 0.00801178 0.00804581 0.00795734 0.00890458 
0.00585146 0.00709598 0.00760606 0.00765537 0.00734327 0.00786917 0.00790347 0.00768014 0.00796446 0.00790702 0.00772234 0.00804631 0.0079394 0.00785351 0.00793747 0.00810022 0.00779816 0.0079998 0.00795517 0.00781785 0.00797536 0.00797462 0.00781553 0.00801302 0.00795413 0.00791745 0.00891232 
0.00595484 0.00774733 0.00760055 0.00725769 0.00756687 0.00785586 0.00785911 0.00768055 0.00792617 0.00789507 0.00775817 0.00792573 0.00807191 0.00776835 0.00811853 0.00774557 0.00775839 0.00797254 0.00799944 0.00775488 0.00801804 0.00816693 0.00776642 0.00800927 0.00795524 0.00808552 0.00975268 
0.00814174 0.00737104 0.00726827 0.00756258 0.00771634 0.00745755 0.00796034 0.00772151 0.00794462 0.00796529 0.00768094 0.00806583 0.00792431 0.00781391 0.00791953 0.00799365 0.00775687 0.00806477 0.007934 0.00770811 0.00810292 0.00793902 0.00785308 0.00808642 0.00803087 0.00797308 0.00809938 
0.00746741 0.00696707 0.00759421 0.00748637 0.00751293 0.00787375 0.007972 0.00792257 0.00801211 0.00796495 0.00781686 0.00783811 0.00793728 0.00773259 0.00803481 0.00816015 0.00776193 0.008072 0.00801592 0.00793755 0.00797163 0.00810361 0.00792599 0.00802433 0.00795664 0.00786154 0.00956362 
0.00864894 0.00690979 0.00760428 0.00751751 0.00739927 0.00787966 0.00781783 0.00771122 0.00788532 0.00800923 0.00769421 0.00803053 0.00795157 0.00773838 0.00795289 0.00796207 0.00786892 0.00793164 0.00813192 0.00786024 0.00812956 0.0080615 0.00779188 0.00822135 0.00792319 0.00780785 0.00999677 
0.00625828 0.0074245 0.00766385 0.00747982 0.00746454 0.00775612 0.00792991 0.00762067 0.00797528 0.00797545 0.00772583 0.00787635 0.00783513 0.00775743 0.0080618 0.007924 0.00780934 0.00802898 0.00798533 0.00777128 0.0078801 0.00794919 0.00786977 0.00808599 0.008062 0.00808306 0.0085633 
0.00649284 0.00711962 0.00755507 0.00749619 0.00757614 0.00774928 0.00786322 0.00769007 0.00787558 0.00795507 0.00769151 0.00782446 0.00796146 0.00775218 0.00785428 0.00805597 0.00770874 0.00803622 0.00797129 0.00787726 0.0080914 0.00789893 0.00791952 0.00808259 0.00795255 0.00777454 0.0100041 
0.00657276 0.0074241 0.0074837 0.00757985 0.00745904 0.00783184 0.00784864 0.00777799 0.00786998 0.00791143 0.00777313 0.00809536 0.00803665 0.00775786 0.00792948 0.0079643 0.0078945 0.00804679 0.00805917 0.00783926 0.00793548 0.00809503 0.0078333 0.00801198 0.00795644 0.00784607 0.00914493 
0.00878473 0.00709358 0.00730908 0.00776317 0.00758292 0.00779013 0.00778412 0.00758492 0.00801357 0.00807302 0.00772748 0.00799659 0.00797008 0.00782762 0.00818795 0.00795541 0.00771709 0.00803354 0.0079389 0.00779486 0.00803079 0.00800841 0.00772862 0.00811666 0.00798259 0.00811386 0.00873765 
0.00644616 0.00722655 0.00738188 0.00758242 0.00752765 0.00782334 0.00795859 0.0077543 0.00796852 0.00798604 0.00758507 0.00799673 0.00789602 0.00770504 0.00807505 0.00786317 0.00791475 0.00790555 0.00813106 0.00783161 0.00804444 0.00822067 0.00793882 0.00795112 0.00807886 0.00788628 0.00947842 
0.0069661 0.00734632 0.00746032 0.00746356 0.00750454 0.0078159 0.00784006 0.00771549 0.00791052 0.00790387 0.00774131 0.00803358 0.00786975 0.00774226 0.00796634 0.00798478 0.00771664 0.00804171 0.00797216 0.0078708 0.0078971 0.00815163 0.00787169 0.00793603 0.00805199 0.00774386 0.0094532 
0.00808801 0.00721265 0.00711693 0.00778747 0.0076048 0.00802663 0.00780279 0.00774048 0.00800812 0.00796975 0.0077002 0.00792566 0.00810661 0.00771554 0.00792699 0.00803174 0.00772483 0.00804266 0.00805681 0.00785598 0.00803668 0.0080694 0.00783051 0.00790201 0.00814879 0.00786405 0.0106623 
0.0076731 0.00719283 0.00765749 0.00771435 0.00738246 0.00796453 0.0078295 0.00780714 0.00786433 0.00783418 0.00764688 0.00790113 0.00785597 0.00779634 0.00797613 0.00797631 0.00778794 0.00795361 0.00805454 0.00773224 0.00800995 0.00827164 0.00788511 0.00800294 0.00817485 0.00802958 0.00854277 
0.0108403 0.00705542 0.00769725 0.00765082 0.00745231 0.00784385 0.0080082 0.00772574 0.0078404 0.00798998 0.00784709 0.00804763 0.00804026 0.0076551 0.00806796 0.00811206 0.00780375 0.00797453 0.0080307 0.00796918 0.00796208 0.00806334 0.00785571 0.0080407 0.00817519 0.00798913 0.00948396 
0.00722624 0.00726437 0.00757654 0.00763848 0.00768371 0.00787195 0.00787415 0.00768247 0.00795526 0.00802856 0.00769488 0.00802773 0.00797374 0.00770669 0.00794036 0.00798014 0.00778877 0.00800393 0.00803026 0.00778696 0.0081274 0.00808585 0.00786031 0.00813061 0.00806223 0.00816985 0.00803872 
0.00847412 0.00707069 0.00745391 0.00744999 0.00743302 0.00781105 0.00799634 0.00763372 0.00780566 0.00793169 0.00765156 0.00801827 0.00799591 0.00785279 0.0079726 0.00801099 0.00786084 0.00797248 0.0079891 0.00784103 0.007978 0.00807474 0.00797753 0.0078828 0.00833141 0.00793509 0.0088265 
0.00694026 0.00750969 0.00760782 0.00768895 0.00753288 0.00800509 0.00791126 0.00774391 0.00802346 0.00803533 0.00775158 0.00803106 0.00792667 0.00777724 0.00793823 0.00801066 0.00778035 0.00809353 0.00804859 0.00777268 0.00805948 0.00815219 0.00792272 0.0081029 0.0081878 0.0078932 0.00936416 
0.00854473 0.00721981 0.00763672 0.00765312 0.00765342 0.0077893 0.00795332 0.00768675 0.00798096 0.0080462 0.00776037 0.0080841 0.00797285 0.00775996 0.00797554 0.00809589 0.00775092 0.00804035 0.00811184 0.00780653 0.00794135 0.00805398 0.00775511 0.00803448 0.00811535 0.00813708 0.00860273 
0.00782499 0.00744788 0.00757878 0.00784779 0.007601 0.00815871 0.00806259 0.00768285 0.00795805 0.00793131 0.00784052 0.00772641 0.00793158 0.00782872 0.00778678 0.00806536 0.00783955 0.00797733 0.00812612 0.00781381 0.00809733 0.00798704 0.00784811 0.00836388 0.00828191 0.00807708 0.00866806 
0.00775466 0.00732235 0.00781624 0.00767481 0.00777075 0.00789121 0.00792056 0.00759403 0.00784059 0.00799479 0.00775139 0.00790567 0.00795138 0.00778542 0.0079256 0.00800481 0.00771816 0.00799628 0.00813861 0.00786445 0.00798519 0.00810364 0.00780261 0.00797759 0.00828675 0.00793888 0.00981839 
0.00820286 0.00743647 0.00767952 0.00762288 0.0077287 0.0080263 0.00813846 0.00757291 0.00806673 0.00798855 0.00780931 0.00810241 0.00792338 0.00769489 0.00782931 0.00805972 0.00785723 0.00802123 0.00801436 0.00778216 0.00825167 0.00805591 0.00777957 0.00809658 0.0081376 0.00810448 0.00882344 
0.0073498 0.00751951 0.00748565 0.0077977 0.00777506 0.00787508 0.00794871 0.00767475 0.00796127 0.00795472 0.00788276 0.00797627 0.00803692 0.00780111 0.00811236 0.0077986 0.00772947 0.00826479 0.00814934 0.00778856 0.00804046 0.00806558 0.00788709 0.00809108 0.00843848 0.0080423 0.00873952 
0.00777695 0.00763213 0.00792673 0.00799724 0.00765145 0.00802366 0.00797184 0.00768881 0.00793743 0.0078711 0.00772474 0.00796287 0.00793907 0.00769508 0.00801633 0.00796251 0.00789907 0.00785376 0.00797479 0.00779757 0.00808968 0.00814689 0.00779076 0.00829113 0.00772682 0.00771283 0.00825497 
0.00757807 0.0076386 0.00783113 0.00767545 0.00773818 0.00781864 0.00790407 0.00778157 0.00789772 0.00796073 0.00762995 0.00798923 0.00806102 0.00788035 0.00783088 0.00799717 0.00763404 0.00803533 0.00813332 0.00774963 0.00812033 0.00792332 0.00793481 0.00779129 0.010451 0.010123 0.0137685 
0.00920249 0.00751748 0.00797189 0.00798871 0.00762997 0.00813397 0.0079165 0.00772105 0.0079605 0.00795149 0.00783089 0.0080235 0.00802288 0.0077187 0.00802949 0.00799121 0.00789367 0.00802096 0.00803611 0.00778062 0.00809544 0.0083413 0.00731305 0.0125703 
0.00910149 0.0075301 0.00793999 0.00780417 0.00771394 0.00781076 0.00802068 0.00770483 0.00802021 0.00806567 0.00761825 0.00809384 0.00795498 0.00779209 0.00807481 0.00804904 0.00773415 0.00803977 0.00810194 0.00789011 0.00813279 0.00821654 0.00765338 0.0109926 
0.0105715 0.00753151 0.00791989 0.00781339 0.00782285 0.00788186 0.00795341 0.00778923 0.00785172 0.00789295 0.0077886 0.00801346 0.00799786 0.00779684 0.00799985 0.00798594 0.00775607 0.00799342 0.00800356 0.00775482 0.00801505 0.00789868 0.00857016 0.0113834 
0.0158986 0.00709723 0.00807296 0.00782565 0.00793161 0.00796315 0.00793664 0.00775112 0.00790119 0.00796583 0.00773283 0.00788138 0.00784 0.00784417 0.00791202 0.00784845 0.00790892 0.00800809 0.00802982 0.00773267 0.00795748 0.00801645 0.00803606 0.00962212 
0.00392463 0.00812338 0.00806122 0.00796462 0.00763545 0.00792671 0.00783021 0.00771996 0.00792552 0.00788346 0.00781498 0.00801344 0.00795186 0.00770722 0.00810206 0.00806538 0.0077072 0.00798606 0.00797173 0.00775169 0.00814234 0.00820861 0.00781844 0.00767395 
0.011688 0.00790602 0.00779417 0.00778847 0.00793132 0.00778359 0.00800272 0.0077857 0.00789504 0.00790851 0.00775417 0.00786589 0.00802539 0.00761903 0.00801045 0.00801745 0.00785963 0.00805759 0.00807541 0.0079223 0.00825013 0.0075313 0.0103169 0.0130897 
0.00976397 0.00782503 0.00764891 0.00791867 0.0077082 0.00794537 0.0079996 0.00778827 0.00799222 0.00804698 0.00785838 0.00821912 0.00807911 0.00764178 0.00799106 0.00796531 0.00775826 0.00794084 0.00795189 0.00749767 0.0124802 
0.00789021 0.0076648 0.00794564 0.00805942 0.00771233 0.00790207 0.00783217 0.00770042 0.00789194 0.00798742 0.00769555 0.00802044 0.00795652 0.00774135 0.00801023 0.00815147 0.00783943 0.00805064 0.00802126 0.00770284 0.0102535 
0.00903829 0.00767052 0.00807703 0.0079631 0.00779113 0.00797619 0.0078363 0.00782842 0.00804391 0.00800707 0.00763842 0.00793456 0.00787365 0.00774158 0.00800978 0.00786413 0.00783305 0.00795836 0.00799788 0.00770454 0.0150948 
0.00899201 0.00773129 0.0078028 0.00805894 0.00763526 0.00791246 0.00800638 0.00770728 0.00795435 0.00791983 0.00770385 0.00791529 0.00809684 0.00776889 0.00800424 0.00790254 0.00790436 0.00794424 0.00800071 0.00790183 0.00985616 
0.00822452 0.00759963 0.00799165 0.00785927 0.00765583 0.00796109 0.00801044 0.0078098 0.00794595 0.00797827 0.00788621 0.00785676 0.007984 0.00767379 0.00806597 0.00795168 0.0077658 0.00801421 0.00814442 0.00713664 0.00814918 
0.011 0.00778652 0.00811853 0.00787721 0.0078403 0.00797457 0.00791043 0.00754031 0.00795294 0.00808005 0.00767551 0.00796388 0.00783618 0.00775326 0.00791575 0.00808042 0.007781 0.00809891 0.0073516 0.0106748 0.0169248 
0.00986851 0.00755421 0.00794664 0.00780249 0.00782136 0.0076943 0.00786368 0.00782234 0.00782644 0.00794375 0.00779202 0.00789578 0.00798251 0.00780173 0.00792936 0.00819201 0.00750612 0.0125277 
0.00734416 0.00782048 0.0079627 0.00803075 0.00782443 0.00799569 0.00799803 0.00774627 0.0081067 0.0079216 0.00756145 0.00800315 0.00808033 0.0078007 0.00806485 0.00793614 0.00776754 0.00964121 
0.0120574 0.00806195 0.00917365 0.00863564 0.00824754 0.00910422 0.00775045 0.00875411 0.00854315 0.00894227 0.00951642 0.00874119 0.00907772 0.00816041 0.00936939 0.00987999 0.00837993 0.012761 
