0.00175 0.00266867 0.00248753 0.00118659 0.00202843 0.00139718 0.000767698 0.00332779 0.00145959 0.00145491 0.00222524 0.00374568 
0.00175 0.0028114 0.00143237 0.00141717 0.00114724 0.00115513 0.00115414 0.000431388 0.000355789 0.00208857 0.00104803 0.00256277 
0.00175 0.000549083 0.000427533 0.000917853 0.00115522 0.00129455 0.000817159 0.000937315 0.00066353 0.000901407 0.00115469 0.0031688 
0.00175 0.00165191 0.000773611 0.000542983 0.000507172 0.00102499 0.000995261 0.00104622 0.00127268 0.000822928 0.00148811 0.0011529 
0.00175 0.00087855 0.00102805 0.00094335 0.00120416 0.000667238 0.00160959 0.00104194 0.0011155 0.000851267 0.00184944 0.00180177 
0.00157432 0.00192178 0.00127668 0.00100715 0.00083853 0.00132074 0.00134153 0.00149609 0.000964623 0.000806977 0.00173477 0.000271177 
0.000536685 0.000275533 0.000114529 0.000162853 0.000749393 0.000208274 0.00165847 0.00122794 0.00108286 0.000936394 0.00090362 0.000631609 
0.00221862 0.00113032 0.000802802 0.000907579 0.000802017 0.000744979 0.000932967 0.00110245 0.00112031 0.000871384 0.000656244 0.00146627 
0.0022979 0.000399668 0.000513048 0.000822988 0.00145161 0.000966007 0.000821253 0.000888291 0.000938245 0.00124007 0.000528409 0.000638621 
0.000322831 0.00064841 0.00110805 0.00131266 0.00133824 0.00122521 0.00142116 0.00139691 0.000968436 0.00108129 0.000356568 0.00305697 
7.07777e-05 0.000674456 0.000398808 0.00119794 0.00127177 0.00140396 0.00134784 0.00133483 0.00103542 0.00081815 0.000336627 0.000210069 
0.00204233 0.00145252 0.000861477 0.00145835 0.00157118 0.00163139 0.000943129 0.00120259 0.00100671 0.00103276 0.000553424 0.00372126 
0.000427546 0.000185854 0.000211719 0.000155254 0.000734935 0.00052851 0.00280963 0.0013887 0.000901801 0.000701984 0.000274876 0.0035386 
0.00145567 0.000407449 0.000852401 0.000808269 0.000926764 0.0013338 0.000989948 0.00143403 0.000809161 0.000918454 0.000813494 0.000633545 
0.0018788 0.000699444 0.000818154 0.000685237 0.00138153 0.00104299 0.00170299 0.00136781 0.00101689 0.000244951 0.00108634 0.00341337 
0.00335189 0.000662883 0.000974489 0.000785475 0.00149495 0.00108854 0.00130588 0.00153274 0.000907452 0.00127104 0.00132802 0.000934719 
0.00349821 0.000593003 0.00127177 0.000755451 0.000469689 0.000404649 0.00100028 0.000441134 0.000802944 0.000975416 0.000908317 0.000712344 
0.00274887 0.000213843 0.000925365 0.000622808 0.000810655 0.000722003 0.000784716 0.00117554 0.000906565 0.000912548 0.00105877 0.000455222 
0.0050249 0.00129402 0.00108014 0.000737545 0.00130617 0.000794135 0.00112797 0.00116869 0.00074659 0.000948605 0.0020386 0.00119858 
0.00432152 0.000122349 0.00121993 0.000748279 0.000852032 0.000799686 0.000768158 0.00086154 0.00107591 0.00100355 0.00113327 0.000124021 
0.0045194 0.0014132 0.000203692 0.000481408 0.000811856 0.000517328 0.000934701 0.000742542 0.0012143 0.000497621 0.00157896 0.000227729 
0.00265122 0.00116889 0.000828281 0.000937045 0.00138162 0.00109004 0.000802935 0.00114406 0.00105709 0.00103522 0.00168929 0.00338812 
0.00175 0.00403728 0.00120509 0.000843067 0.00121312 0.00136144 0.00109364 0.000833814 0.0013025 0.00171401 0.00315617 0.00308539 
0.00731553 0.00733844 0.000338846 0.000558649 0.000609703 0.00124431 0.000763998 0.00159659 0.00195007 0.00122355 0.00263376 0.00416878 
