0.01 0.01 0.01 0.01 0.01 0.01 0.01 0.01 0.01 0.01 0.01 0.01 
0.01 0.01 0.01 0.01 0.01 0.01 0.01 0.01 0.01 0.01 0.01 0.01 
0.01 0.01 0.01 0.01 0.01 0.01 0.01 0.01 0.01 0.01 0.01 0.01 
0.01 0.01 0.01 0.01 0.01 0.01 0.01 0.01 0.01 0.01 0.01 0.01 0.0170747 0.0117532 0.0114822 0.0114268 0.011023 0.0114945 
0.01 0.01 0.01 0.01 0.01 0.01 0.01 0.0186526 0.00988625 0.01 0.01 0.01 0.0116352 0.00819534 0.0232579 0.0296659 0.00843545 0.00911691 
0.01 0.01 0.01 0.01 0.01 0.01 0.0147491 0.00844457 0.0138395 0.0173505 0.0168213 0.018767 0.01 0.00659466 0.0136676 0.00702007 0.00663703 0.00317511 
0.01 0.01 0.01 0.01 0.01 0.01 0.0183956 0.0184031 0.00986918 0.0118236 0.0122974 0.00805051 0.00705895 0.0120508 0.0115288 0.0209558 0.0120891 0.011493 0.00859556 0.0110545 0.01 
0.01 0.011386 0.0110014 0.00880557 0.025715 0.0133048 0.00535206 0.0129489 0.0105226 0.01 0.0124566 0.0105653 0.0140492 0.0101094 0.00569352 0.00831962 0.00547184 0.0260407 0.00483486 0.0149533 0.0112175 
0.01 0.0179531 0.0102906 0.015546 0.0147624 0.00905432 0.0112947 0.017589 0.0109079 0.0109663 0.00959492 0.00988714 0.0180212 0.00764442 0.00878567 0.00916949 0.00796695 0.010935 0.0114067 0.00995192 0.0173797 
0.0138509 0.0101058 0.0093482 0.00854925 0.0312091 0.0151266 0.0118474 0.0107992 0.0121652 0.0123271 0.0129963 0.00812411 0.00736619 0.0101179 0.0166007 0.00727638 0.00809421 0.00986597 0.00850394 0.00675335 0.0099804 
0.01 0.0154971 0.0104999 0.0210562 0.0159244 0.0121244 0.0129519 0.0115038 0.0102878 0.0100723 0.00954386 0.0137857 0.0144171 0.00740957 0.00590705 0.00729756 0.0070507 0.0106955 0.00709385 0.00770735 0.00633733 
0.0174523 0.0119153 0.00648774 0.00985998 0.00709326 0.0085328 0.00844492 0.0058132 0.0122265 0.0105737 0.00642052 0.00631103 0.0166867 0.00830403 0.00743655 0.00798348 0.0142543 0.00685902 0.00699543 0.00681318 0.0102345 
0.01 0.00458022 0.00560491 0.007103 0.0057244 0.00842358 0.00858288 0.00700509 0.00624648 0.00587238 0.00740429 0.0118563 0.00551008 0.00712963 0.0100327 0.00877825 0.00995442 6288 0.00992828 0.0087023 0.00665723 0.00936931 0.00859745 0.00677717 
0.0128313 0.0166843 0.00752838 0.00852862 0.00787253 0.00782329 0.00624232 0.00586618 0.00567949 0.0257061 0.0060532 0.00652796 0.00737315 0.00758688 0.0112581 0.00665448 0.0079959 0.0078116 0.00618042 0.0101272 0.0124751 0.00868253 0.00495699 0.00795462 
0.00502949 0.00822137 0.0059076 0.00912534 0.00849366 0.0194147 0.0099122 0.0074983 0.0061885 0.00897373 0.00862045 0.00732393 0.00809671 0.00854613 0.01 0.00553937 0.00687021 0.00804567 3967.06 0.01 0.00533621 0.01 0.0202589 0.00687332 
0.00696175 0.00619423 0.0081718 0.0107003 0.00903178 0.0126494 0.00882588 0.0136382 0.00662832 0.00686276 0.00789949 0.00592942 0.00994677 0.00966984 0.00954214 0.00703602 0.00507144 0.0108479 0.00615342 0.0224554 0.01 0.00800744 0.0130277 0.0150354 
0.00110959 0.0228262 0.00781119 0.01 0.00547954 0.00720106 0.00885856 0.00729333 0.00546783 0.00489895 0.0156057 0.0123544 0.0113064 0.00601195 0.0056622 0.0101805 0.00731162 0.00693326 0.00841257 0.0118066 0.00718817 0.00754173 0.00985113 0.00684672 
0.0242726 0.00865025 0.00314556 0.01 0.0101191 0.00732813 0.0146121 0.00966789 0.0133771 0.00445726 0.00711845 0.00879244 0.0168572 0.017549 0.00667871 0.0126149 0.0060516 0.00752662 0.00671745 0.00536777 0.00911226 0.0148795 0.0101004 0.0077248 
0.01 0.01 0.0497276 0.01 0.00350573 0.0145947 0.0136222 0.01 0.0203174 0.00812064 0.00584186 0.00790605 0.00638078 0.0107858 0.00921024 0.010817 0.00731883 0.00743785 0.0086036 0.00831077 0.010174 0.00814107 0.00583515 0.0107803 0.00728462 0.0135607 0.01 
0.00406094 0.0171244 0.0076736 0.0111994 0.0069482 0.0115923 0.0102153 0.00983079 0.00714551 0.00818716 0.00933896 0.00868948 0.00841236 0.00996423 0.00788263 0.00767147 0.0199055 0.00803654 0.01 0.00659697 0.0247713 0.00555368 0.00687273 0.00619553 0.00684331 0.0101343 0.01 
0.010542 0.00981775 0.0105453 0.0143391 0.0188679 0.01 0.0097269 0.00900401 0.0362041 0.00943525 0.0402911 0.00982939 0.00907921 0.00601618 0.00902286 0.00880936 0.0107132 0.0112191 0.01 0.00745404 0.0066835 0.00777576 0.00712596 0.00756498 0.00891886 0.00353862 0.01 
0.00277439 0.00832788 0.0165798 0.00845373 0.00459006 0.0120636 0.00820838 0.0062456 0.00690406 0.00658795 0.0137654 0.0169435 0.00682071 0.0158883 0.00910157 0.0078573 0.00958122 0.00526843 0.0078644 0.0039239 0.0123003 0.00748297 0.00393392 0.00812827 0.0058614 0.00539371 0.00103493 
0.0100042 0.0153708 0.00911674 0.00605293 0.00673407 0.0119651 0.01 0.0327754 0.00523238 0.0072083 0.0301574 0.0186657 0.0134436 0.00688137 0.00813826 0.00632375 0.00757422 0.0074742 0.00650798 0.01 0.0144879 0.00655678 0.0146361 0.00693482 0.018462 0.00609422 0.0131094 
0.01 0.012043 0.0417249 0.0154963 0.00823158 0.00732481 0.00612466 0.00539162 0.0116028 0.00939792 0.00483194 0.00763598 0.0106044 0.00793756 0.0103727 0.00972138 0.00595517 0.00762667 0.0106084 0.0132858 0.0173338 0.0076125 0.00641008 0.0113572 0.00720219 0.0151476 0.01 
0.01 0.01 0.0106421 0.00945986 0.00464059 0.00857592 0.00698187 0.00516174 0.00869868 0.00592714 0.00715832 0.00700297 0.00669035 0.01 0.00580306 0.0117693 0.0131539 0.00810939 0.00572486 0.0126035 0.00960726 0.00597525 0.00883469 0.00651688 0.00658519 0.0108874 0.00915272 
0.0114403 0.00802606 0.00738064 0.00614288 0.0187608 0.0126814 0.00966892 0.00878381 0.00629242 0.00629938 0.00676057 0.00800891 0.00910161 0.00592836 0.00938385 0.0135326 0.00948208 0.00794756 0.0171724 0.00978724 0.0118383 0.00692309 0.00889588 0.00814269 0.0147629 0.0143594 0.013854 
0.00180217 0.0106965 0.0103553 0.0130814 0.00912029 0.0105013 0.01 0.00948786 0.00530074 0.00756007 0.00657516 0.00518184 0.00626749 0.00817876 0.0103308 0.0213171 0.00881802 0.0104074 0.00928292 0.00919099 0.0143976 0.0120312 0.0153008 0.0055799 0.0132645 0.00832704 0.0188129 
0.00993143 0.00465824 0.00545269 0.00672606 0.00746542 0.0058133 0.00989765 0.00774777 0.00659474 0.00618464 0.00816702 0.00755639 0.0102429 0.00677983 0.00604492 0.0200232 0.0056631 0.00709134 0.00802915 0.00941894 0.0193714 0.00588026 0.008045 0.0092522 0.01 0.0105082 0.00424103 
0.0129986 0.00781843 0.00825219 0.00546998 0.00719151 0.00612911 0.00918733 0.0145772 0.0159334 0.00797581 0.0100764 0.0152316 0.00647419 0.00701167 0.00723885 0.00757167 0.00830473 0.0101186 0.0064324 0.0187993 0.0260006 0.00694248 0.00847031 0.00584608 0.0239547 0.0153107 0.00735968 
0.0103395 0.00870793 0.00833158 0.0131999 0.0163804 0.00873148 0.00877114 0.00530181 0.00549349 0.00685675 0.00677933 0.00776923 0.00729983 0.00627444 0.00814851 0.0548285 0.00994329 0.0119136 0.0150484 0.00371318 0.024518 0.0115762 0.00681868 0.0120327 0.0155361 0.00645978 0.0156843 
0.011105 0.00428741 0.0069137 0.00643642 0.00742822 0.00761308 0.0151055 0.0289366 0.00765815 0.00796382 0.00528616 0.0148021 0.011048 0.00686959 0.00651087 0.00740118 0.00931164 0.00675599 0.00670111 0.00831902 0.00820763 0.00602701 0.0083145 0.00720696 0.00724474 0.00605099 0.00469036 
0.0171128 0.00545271 0.012017 0.0111406 0.00737465 0.00567525 0.0161785 0.0162856 0.0167325 0.00856357 0.0116605 0.00581519 0.0055769 0.00742837 0.00486089 0.00677458 0.0198519 0.00991101 0.0289667 0.0151024 0.0174974 0.0111849 0.00771847 0.0126564 0.0124406 0.0196117 0.0106083 
0.00663095 0.00677082 0.0125772 0.00647739 0.00553277 0.00912426 0.0238437 0.00896984 0.0109196 0.0132884 0.0258973 0.00646237 0.0114729 0.01 0.0090723 0.00545417 0.00831528 0.0095152 0.0070567 0.00728833 0.00755165 0.0100911 0.00666436 0.0059886 0.00769581 0.0124815 0.00696664 
0.01 0.00611726 0.00846476 0.00899635 0.0092111 0.00642648 0.00779362 0.00633888 0.0121774 0.00364498 0.0330511 0.0114627 0.00715867 0.00833686 0.0263925 0.00888474 0.0092163 0.00620794 0.01 0.0176268 0.0134574 0.0102498 0.0096581 0.011026 0.0123797 0.00653172 0.0134733 
0.01 0.01 0.00784313 0.00440348 0.00609341 0.00549903 0.0130052 0.0123375 0.011634 0.0253202 0.0136393 0.0116183 0.0178279 0.00811492 0.0125332 0.0159401 0.00634451 0.00972869 0.0146256 0.00595371 0.01 0.01 0.0124868 0.0151651 0.0108194 0.0187332 0.01 
0.01 0.01 0.0273776 0.0216608 0.00602246 0.0101237 0.00704266 0.00518823 0.00829348 0.00541417 0.00657409 0.0153342 0.0109363 0.0247612 0.00780506 0.0151781 0.00633064 0.00665431 0.00501075 0.01 0.0115409 0.0072263 0.00937924 0.0109509 0.00639915 0.006616 0.0101203 
0.01 0.01 0.01 0.013136 0.0083573 0.00678077 0.00598508 0.011282 0.0102025 0.0119959 0.00619898 0.00906943 0.01 0.010605 0.00842801 0.00746934 0.00523167 0.00932522 0.00531765 0.00646552 0.00745158 0.0099583 0.00850715 0.00623432 0.0109999 0.0111686 0.0105241 
0.01 0.01 0.01 0.00557321 0.00585601 0.00774817 0.00750219 0.00477137 0.00645191 0.0113576 0.00895053 0.010517 0.00974261 0.00909134 0.0104421 0.00795121 0.00592985 0.0144852 0.00733436 0.0068903 0.00663614 0.00726487 0.00747723 0.00806269 0.00852783 0.00691064 0.00946228 
0.01 0.01 0.000777904 0.0170296 0.0061887 0.0119345 0.00780741 0.00562432 0.00739071 0.0145658 0.00805621 0.00918683 0.00768672 0.00501337 0.00829579 0.00612645 0.00630987 0.00685108 0.00805659 0.0116572 0.00680114 0.00635473 0.00759637 0.00626702 0.0059684 0.00624018 0.018061 
0.01 0.01 0.01 0.0154285 0.0116986 0.00390368 0.00782002 0.00937996 0.00647871 0.0101125 0.012218 0.00797096 0.0101556 0.00811951 0.00616194 0.00658654 0.00737454 0.0105795 0.00963679 0.00908421 0.0140815 0.00917227 0.0277679 0.00722219 0.0117802 0.00904 0.011076 
0.01 0.01 0.0118181 0.00585105 0.00716222 0.00872444 0.0089701 0.00716846 0.00679922 0.0196797 0.01 0.01 0.00988322 0.0120063 0.0138445 0.00906461 0.0109834 0.00486161 0.0120207 0.00923715 0.0119781 0.0143187 0.00983258 0.0117509 0.00542887 0.00841853 0.00962935 
0.00813865 0.00865332 0.00844699 0.01 0.01 0.00805866 0.010009 0.00615222 0.0100888 0.00858949 0.00785763 0.00738746 0.00779711 0.00825382 0.00669272 0.00661172 0.0110641 0.0166207 0.00432847 0.0140866 0.00720385 0.00741145 0.00906671 0.00565152 0.00943307 0.00713518 0.00471539 
0.00310246 0.0112421 0.013005 0.0117963 0.012119 0.01 0.0082624 0.00886331 0.015288 0.0101213 0.0218 0.00945715 0.00605155 0.00546335 0.00971108 0.00708292 0.00775877 0.0282632 0.00594356 0.009457 0.00730795 0.0155718 0.00714613 0.0107537 0.00788449 0.00850397 0.0140615 
0.00685502 0.00834186 0.00942466 0.00566476 0.00819704 0.00117419 0.00586895 0.0161261 0.0122394 0.013245 0.0133894 0.0114854 0.00633972 0.0082708 0.00923765 0.00642096 0.00565618 0.00687806 0.00602491 0.0103267 0.00743052 0.0111792 0.00673604 0.00920755 0.00800379 0.0147213 0.00828448 
0.00765545 0.00486999 0.0074269 0.00884737 0.00879117 0.0033188 0.0119904 0.0250066 0.00810532 0.00815395 0.00919258 0.0079319 0.01 0.0107911 0.00696259 0.0147681 0.00640012 0.00585063 0.01 0.00747772 0.00667856 0.00760892 0.00941219 0.00898737 0.0262905 0.00857521 0.0118011 
0.00548731 0.00551215 0.00972096 0.0090966 0.00761584 0.01 0.0100028 0.00624422 0.00673779 0.00705184 0.00891782 0.00705514 0.0169925 0.00891049 0.00958086 0.0203977 0.0183237 0.0229281 0.0123069 0.0146218 0.0127487 0.00684299 0.0079592 0.011716 0.00702406 0.00777909 0.00565066 
0.0164513 0.0136732 0.0160694 0.00806066 0.00789761 0.01 0.0116112 0.00514468 0.00824342 0.00986455 0.0119536 0.00810886 0.0111908 0.00974269 0.00533033 0.0206599 0.0160485 0.0118765 0.0367729 0.00682941 0.00723738 0.00998089 0.0100909 0.0214713 0.00782655 0.0066996 0.00823148 
0.01 0.00389155 0.0200859 0.00957163 0.00251082 0.00513381 0.00784889 0.0141131 0.00982708 0.00502823 0.0119727 0.0114609 0.006108 0.0063728 0.0118638 0.0184864 0.0120806 0.00707529 0.0563099 0.00649996 0.00849293 0.0106134 0.00508283 0.00659725 0.0166951 0.0244774 0.0219578 
0.01 0.01 0.01 0.0248448 0.00952631 0.00723305 0.0105865 0.022784 0.0163298 0.0214991 0.021978 0.0113591 0.0131565 0.0102724 0.00786334 0.0124522 0.0101634 0.00859748 0.0101427 0.00929741 0.00494747 0.00977866 0.0120277 0.00884806 0.0197536 0.00947285 0.01 
0.01 0.017563 0.0135848 0.00393354 0.034708 0.00768087 0.0181425 0.0153973 0.01 0.0083306 0.0131798 0.0103371 0.0157285 0.0235306 0.0265096 0.00966082 0.0082358 0.0147611 0.0147409 0.0114715 0.0143339 0.0116126 0.0102787 0.01 0.00858791 0.0144765 0.0188291 
0.00546662 0.00823757 0.00827498 0.0120341 0.00749868 0.00635344 0.0134754 0.00823963 0.0188719 0.00617715 0.00908264 0.00719183 0.0136176 0.00513498 0.013439 0.00500298 0.0109416 0.0133941 0.0103553 0.0111671 0.00906327 0.00773078 0.0102438 0.00664903 0.01 0.01 0.01 
0.00910134 0.00894712 0.00820585 0.0113072 0.00861606 0.00805488 0.0264251 0.0111861 0.017336 0.0156537 0.0191775 0.0124282 0.00589952 0.0248288 0.00716815 0.0099519 0.0144115 0.0136364 0.00701529 0.00691411 0.0131685 0.0158242 0.0116437 0.0143315 0.01 0.01 0.01 
0.00634118 0.00924422 0.00633557 0.00988617 0.00728955 0.0109643 0.013218 0.01 0.00871065 0.00752672 0.0200159 0.00881893 0.00950431 0.0122563 0.013293 0.0101766 0.00897537 0.0101771 0.0153588 0.0184545 0.00626639 0.0123138 0.0114663 0.01 0.01 0.01 0.01 
0.014856 0.00647344 0.00416096 0.0114991 0.0160661 0.00972064 0.01 0.0111755 0.00845112 0.00593934 0.00759928 0.0133552 0.0106782 0.00944194 0.00951541 0.0119393 0.015514 0.00798886 0.00856443 0.0256893 0.0116007 0.0123171 0.0120451 0.00152509 0.164509 0.01 0.01 
0.0109248 0.00740914 0.00720401 0.0117958 0.0198447 0.0153187 0.0113925 0.00821099 0.00489911 0.0113957 0.01 0.0141215 0.00982253 0.0131391 0.0291079 0.0194384 0.0161115 0.0080396 0.00730391 0.00513251 0.00858153 0.00775907 0.00600497 0.00474925 
0.0101856 0.00664869 0.00580781 0.01 0.0107809 0.00457418 0.012973 0.00786275 0.0091974 0.00858817 0.00857661 0.00883935 0.0139904 0.0214932 0.00496319 0.0211287 0.0112911 0.0244298 0.00696963 0.00632686 0.0172506 0.00766183 0.0089048 0.0244945 
0.00799239 0.00812879 0.00597536 0.0123513 0.00181884 0.0122991 0.01 0.0162168 0.00501193 0.00664638 0.00699278 0.0224092 0.00727876 0.01 0.0141872 0.0187163 0.011335 0.01 0.00934434 0.0298446 0.0142293 0.0114296 0.0151709 0.01 
0.0138148 0.00895935 0.00499609 0.0133531 0.0207662 0.01 0.01 0.00492999 0.00810663 0.00805727 0.00851384 0.0261286 0.00979105 0.0161445 0.0187922 0.0074904 0.0101744 0.01 0.01 0.0216583 0.012514 0.00940136 0.0174428 0.010149 
0.0107861 0.00503314 0.0106559 0.0100302 0.0186511 0.01 0.01 0.0143717 0.00593133 0.0120753 0.0123209 0.00693485 0.010129 0.0168886 0.0110146 0.0124889 0.00691796 0.00800728 0.0109945 0.0189168 0.0136879 0.0113697 0.0113774 0.01 
0.0156788 0.0169386 0.00652557 0.00962312 0.0162652 0.01 0.01 0.00859493 0.0077211 0.00710976 0.0137996 0.00850562 0.0104435 0.00864575 0.00614874 0.00683589 0.0095135 0.0171475 0.01 0.0132581 0.0381376 0.0108609 0.0114327 0.0130899 
0.00724707 0.012608 0.0102713 0.00775062 0.00805754 0.00819879 0.0206092 0.0241562 0.0213729 0.00769937 0.0159356 0.0132537 0.0201149 0.0054931 0.00710496 0.00992087 0.0125582 0.0135726 0.00848476 0.0108126 0.00817642 
0.00554155 0.011682 0.00805821 0.00628174 0.00628598 0.0139916 0.01 0.017605 0.00808538 0.0149465 0.0139752 0.013923 0.00556264 0.0100486 0.0060462 0.0110956 0.0181976 0.0156078 0.0155006 0.0105864 0.00918048 
0.0214799 0.0102054 0.0112252 0.0147183 0.0251705 0.0137509 0.01 0.01 0.0265883 0.0153033 0.01 0.0239589 0.0158722 0.0108792 0.007342 0.0163294 0.01 0.0119721 0.00931758 0.0152174 0.0200401 
0.00991603 0.00732747 0.00731571 0.0075514 0.0127034 0.01 0.0118117 0.0106389 0.01 0.01 0.01 0.01 0.01 0.0134046 0.017263 0.0172276 0.0117451 0.0143719 0.0142102 0.0217157 0.01 
0.00455595 0.0124464 0.0100159 0.0143316 0.0183953 0.0128075 0.0145135 0.0141236 0.01 0.01 0.01 0.0132673 0.01 0.040765 0.0102692 0.0127892 0.0179767 0.01 0.0124336 0.0141157 0.01 
0.0142086 0.00648059 0.00886575 0.00647026 0.0137103 0.00575638 0.00577248 0.0158991 0.01 0.01 0.0260925 0.00569517 0.0223816 0.0200396 0.0136445 0.0234342 0.01 0.0155955 0.0130318 0.0121259 0.01 
0.0180659 0.0056027 0.00896718 0.0167014 0.00968798 0.00804821 0.0214285 0.01 0.01 0.0184975 0.0173004 0.0225848 0.01 0.0206326 0.0103689 0.01 0.00922913 0.00304622 
0.00845718 0.0126466 0.0114298 0.0057355 0.0107257 0.0117381 0.0121033 0.01 0.01 0.0104471 0.0149288 0.01 0.01 0.01 0.0119873 0.017016 0.01 0.0230995 
0.0160229 0.017321 0.011621 0.00990744 0.010457 0.0077755 0.01 0.01 0.01 0.0167102 0.0213718 0.01 0.01 0.01 0.0119425 0.00801763 0.0210604 0.01 
